0.056741	-1.30446	0.07
0.057473	-5	0
0.058733	-5	3.21236e-05
0.059675	-5	0.000101119
0.060828	-5	0.000145056
0.061932	-5	0.000199739
0.063329	-5	0.000240796
0.06425	-5	0.000282545
0.064989	-5	0.000308655
0.065638	-5	0.000336262
0.066569	-5	0.000360136
0.067634	-5	0.000380596
0.068733	-5	0.000400424
0.069838	-5	0.000414597
0.071051	-5	0.000424346
0.07231	-5	0.000435274
0.073627	-5	0.00044234
0.074704	-5	0.00044817
0.075725	-5	0.000451302
0.076753	-5	0.000452882
0.07779	-5	0.000453061
0.079086	-5	0.000451976
0.080665	-5	0.000449279
0.081912	-5	0.000445215
0.082897	-5	0.000441567
0.084014	-5	0.00043646
0.085317	-5	0.000429605
0.086541	-5	0.000423056
0.088026	-5	0.000415964
0.089309	-5	0.000407093
0.090458	-5	0.000399051
0.091715	-5	0.000390663
0.093053	-5	0.000380308
0.094408	-5	0.000371548
0.095744	-5	0.000362392
0.096932	-5	0.000353082
0.098166	-5	0.000343653
0.099508	-5	0.000332549
0.100834	-5	0.000322978
0.101834	-5	0.000311787
0.1029	-5	0.000302203
0.104203	-5	0.000292651
0.105434	-5	0.000283149
0.106574	-5	0.000272154
0.107943	-5	0.000262827
0.109428	-5	0.000253606
0.110713	-5	0.000244503
0.111658	-5	0.000235531
0.112538	-5	0.000228163
0.113608	-5	0.000219459
0.115128	-5	0.000210914
0.116582	-5	0.000201158
0.117732	-5	0.000192988
0.118889	-5	0.000186319
0.119981	-5	0.000177201
0.12122	-5	0.000169594
0.122485	-5	0.000162185
0.123773	-5	0.000153793
0.12485	-5	0.00014797
0.125855	-5	0.000141168
0.126903	-5	0.000133494
0.128365	-5	0.000127143
0.129565	-5	0.000121001
0.130673	-5	0.000115068
0.131794	-5	0.000109344
0.133058	-5	0.000103829
0.134559	-5	9.85225e-05
0.135855	-5	9.3423e-05
0.137169	-5	8.85295e-05
0.138515	-5	8.30791e-05
0.139955	-5	7.93555e-05
0.141257	-5	7.50711e-05
0.142379	-5	7.09853e-05
0.143284	-5	6.7731e-05
0.144391	-5	6.40036e-05
0.145625	-5	6.04683e-05
0.146796	-5	5.65838e-05
0.147929	-5	5.3457e-05
0.148915	-5	5.05139e-05
0.150055	-5	4.73083e-05
0.151273	-5	4.47528e-05
0.152512	-5	4.23711e-05
0.153593	-5	3.98077e-05
0.155016	-5	3.77913e-05
0.156415	-5	3.59382e-05
0.157495	-5	3.42447e-05
0.158672	-4.99999	3.2953e-05
0.160094	-4.99999	3.1543e-05
0.161581	-4.99999	3.00869e-05
0.16321	-4.99999	2.91689e-05
0.164665	-4.99999	2.81978e-05
0.16587	-4.99999	2.73658e-05
0.166861	-4.99999	2.67763e-05
0.168081	-4.99999	2.61053e-05
0.169376	-4.99999	2.56697e-05
0.170663	-4.99999	2.53592e-05
0.171891	-4.99999	2.51503e-05
0.173107	-4.99999	2.50988e-05
0.174271	-4.99999	2.51612e-05
0.175358	-4.99999	2.53734e-05
0.176684	-4.99999	2.56708e-05
0.178009	-4.99999	2.61479e-05
0.179207	-4.99999	2.65715e-05
0.180449	-4.99999	2.7062e-05
0.181649	-4.99999	2.78577e-05
0.182739	-4.99999	2.85012e-05
0.184027	-4.99999	2.95033e-05
0.185208	-4.99999	3.04527e-05
0.186523	-4.99999	3.14823e-05
0.187882	-4.99999	3.27808e-05
0.189081	-4.99999	3.37699e-05
0.190078	-4.99999	3.50219e-05
0.191306	-4.99999	3.63422e-05
0.192713	-4.99999	3.77278e-05
0.194088	-4.99999	3.9423e-05
0.195089	-4.99999	4.06834e-05
0.196048	-4.99999	4.2248e-05
0.197111	-4.99999	4.38669e-05
0.198539	-4.99999	4.55376e-05
0.20005	-4.99999	4.75484e-05
0.20113	-4.99999	4.90232e-05
0.202261	-4.99999	5.08334e-05
0.203765	-4.99999	5.26855e-05
0.204775	-4.99999	5.48958e-05
0.205998	-4.99999	5.65051e-05
0.207175	-1.7995	0.0701398
0.208515	-1.74889	0.070138
0.209913	-1.69859	0.070168
0.211044	-1.64912	0.070258
0.212223	-1.60853	0.0703753
0.213502	-1.55265	0.0705985
0.214789	-1.50564	0.07084
0.216153	-1.45943	0.0711234
0.217174	-1.41403	0.0714452
0.218336	-1.36943	0.0718019
0.219605	-1.31839	0.0722581
0.220764	-1.27549	0.0726801
0.222214	-1.23338	0.0731279
0.223717	-1.18523	0.0736798
0.225114	-1.14479	0.0741756
0.226259	-1.10512	0.0746902
0.227517	-1.06621	0.0752217
0.228892	-1.02806	0.0757686
0.230195	-0.990662	0.0763292
0.231354	-0.954007	0.076902
0.232402	-0.924027	0.0773878
0.233624	-0.888726	0.0779799
0.235	-0.848466	0.0786818
0.236358	-0.814738	0.0792915
0.237506	-0.781726	0.0799079
0.238777	-0.749425	0.0805301
0.240123	-0.717828	0.0811573
0.241058	-0.681846	0.0818944
0.242285	-0.651751	0.08253
0.243673	-0.622338	0.0831685
0.245198	-0.588877	0.0839164
0.246485	-0.560918	0.0845594
0.247694	-0.538123	0.0850963
0.249063	-0.51137	0.0857416
0.250343	-0.480976	0.0864954
0.251663	-0.459798	0.087034
0.252731	-0.430883	0.0877881
0.253863	-0.406773	0.0884342
0.255087	-0.379419	0.0891872
0.256096	-0.356626	0.0898317
0.257076	-0.334428	0.0904752
0.258252	-0.312817	0.0911175
0.259845	-0.291785	0.0917585
0.261233	-0.267967	0.0925045
0.262398	-0.248156	0.0931421
0.263817	-0.232068	0.093672
0.265322	-0.210178	0.0944119
0.266682	-0.194986	0.0949388
0.267745	-0.177235	0.0955691
0.269163	-0.160001	0.0961975
0.270761	1.8	0.00386556
0.272511	1.8	0.00253989
0.273809	1.8	-0.000960417
0.275094	1.8	-0.00491532
0.276556	1.8	-0.00867966
0.277809	1.8	-0.0122742
0.27887	1.8	-0.0151473
0.280159	1.8	-0.0189679
0.281554	1.8	-0.0220315
0.2831	1.8	-0.0249455
0.284585	1.8	-0.0276906
0.286081	1.8	-0.0302691
0.287282	1.8	-0.0326828
0.288579	1.8	-0.0345753
0.290092	1.8	-0.0370357
0.291651	1.8	-0.0389558
0.29326	1.8	-0.0407338
0.29445	1.8	-0.0420284
0.296258	1.8	-0.0424073
0.297883	1.8	-0.0429842
0.299505	1.8	-0.043518
0.301424	1.8	-0.0440842
0.302354	1.8	-0.0446795
0.303664	1.8	-0.0453009
0.304902	1.8	-0.0460552
0.306054	1.8	-0.0467239
0.30773	1.8	-0.047295
0.309197	1.8	-0.0481136
0.310932	1.8	-0.0488306
0.312585	1.8	-0.0495601
0.313693	1.8	-0.0503004
0.314744	1.8	-0.0506752
0.316141	1.8	-0.0505386
0.317806	1.8	-0.0503263
0.319509	1.8	-0.0500278
0.320774	1.8	-0.0496478
0.32235	1.8	-0.0547614
0.324069	1.8	-0.0555358
0.325995	1.8	-0.0563114
0.327946	1.8	-0.0540737
0.329312	1.8	-0.047169
0.330564	1.8	-0.0466267
0.332305	1.8	-0.0457111
0.334551	1.8	-0.0447592
0.336536	1.8	-0.0437632
0.337885	1.8	-0.0427275
0.338936	1.8	-0.0418343
0.340358	1.8	-0.0409136
0.342174	1.8	-0.0397848
0.343899	1.8	-0.0386355
0.345598	1.8	-0.0374626
0.347394	1.8	-0.0362695
0.348965	1.8	-0.0350595
0.35048	1.8	-0.0338355
0.351851	1.8	-0.0326005
0.353223	1.8	-0.0313573
0.355075	1.8	-0.0303141
0.356727	1.8	-0.0290567
0.35825	1.8	-0.0278057
0.359878	1.8	-0.0265561
0.361545	1.8	-0.0253105
0.363198	1.8	-0.024071
0.365431	1.8	-0.0228396
0.367564	1.8	-0.0216185
0.369054	1.8	-0.0202131
0.370567	1.8	-0.0192202
0.372236	1.8	-0.0180335
0.373773	1.8	-0.016871
0.375274	1.8	-0.0157268
0.376458	1.8	-0.0146025
0.377775	1.8	-0.0136791
0.379237	1.8	-0.0124131
0.380507	1.8	-0.0115331
0.381724	1.8	-0.0104905
0.383223	1.8	-0.00947942
0.384855	1.78669	-0.00833566
0.386535	1.77555	-0.00738637
0.387663	1.8	-0.00660929
0.388998	1.8	-0.00570063
0.390546	1.8	-0.00482585
0.391808	1.8	-0.00397976
0.393065	1.8	-0.00329506
0.39415	1.8	-0.0023715
0.395278	1.8	-0.00161852
0.396738	1.7995	-0.000890656
0.397934	1.79861	-0.000192927
0.399153	1.7988	0.000474799
0.400896	1.8	0.00111254
0.402464	1.8	0.00172038
0.404371	1.8	0.00229845
0.406092	1.8	0.00284694
0.407891	1.8	0.00328283
0.409168	1.8	0.00377986
0.410338	1.8	0.00424552
0.411603	1.8	0.00468279
0.413103	1.8	0.00515611
0.414777	1.8	0.0054714
0.416021	1.8	0.00582797
0.417185	1.8	0.00615554
0.418521	1.8	0.00645699
0.420001	1.8	0.00673278
0.421586	1.8	0.00698348
0.423439	1.8	0.00720969
0.425198	1.8	0.00741201
0.426745	1.8	0.00759107
0.428374	1.8	0.00774751
0.429604	1.8	0.00786145
0.430818	1.8	0.00797886
0.432369	1.8	0.00807473
0.434201	1.8	0.00816104
0.43608	1.8	0.00821406
0.437854	1.8	0.00824904
0.439572	1.8	0.00826621
0.441361	1.8	0.0082663
0.443062	1.8	0.00825003
0.444394	1.8	0.00821811
0.445694	1.8	0.00818002
0.447071	1.8	0.00811004
0.448561	1.8	0.00803573
0.449942	1.8	0.00796359
0.451492	1.8	0.00786567
0.45306	1.8	0.00775665
0.454104	1.8	0.00765724
0.455031	1.8	0.00752829
0.456474	1.8	0.00739035
0.457836	1.8	0.00724342
0.458874	1.8	0.00708818
0.459896	1.8	0.00692527
0.461052	1.8	0.0067553
0.462114	1.8	0.00657889
0.463456	1.8	0.00639663
0.464812	1.8	0.00620912
0.465979	1.8	0.00601691
0.467204	1.8	0.00585315
0.468411	1.8	0.00561976
0.469779	1.8	0.00541782
0.471242	1.8	0.00517831
0.472289	1.8	0.00500547
0.473405	1.8	0.00482983
0.474591	1.8	0.00458401
0.475751	1.8	0.00433961
0.477147	1.8	0.00416376
0.478607	1.8	0.00395141
0.479768	1.8	0.00374075
0.481284	1.8	0.0035654
0.482823	1.8	0.00332151
0.484424	1.8	0.00314945
0.485919	1.8	0.00294318
0.487273	1.8	0.00274023
0.488805	1.8	0.00253973
0.490244	1.8	0.00237432
0.491304	1.8	0.00217819
0.492838	1.8	0.00201767
0.494485	1.8	0.00179704
0.496016	1.8	0.00161327
0.497371	1.8	0.00146185
0.498675	1.8	0.00128352
0.49985	1.8	0.00113854
0.501081	1.8	0.000940722
0.502421	1.8	0.000777269
0.503579	1.8	0.000617527
0.504601	1.8	0.000437655
0.505773	1.8	0.000289027
0.506996	1.8	0.000144547
0.508161	1.8	-1.7213e-05
0.509503	1.8	-0.000150088
0.510935	1.8	-0.000299061
0.512007	1.8	-0.000401186
0.512906	1.8	-0.000500685
0.514007	1.8	-0.000633031
0.515165	1.8	-0.000739985
0.516416	1.8	-0.00084231
0.51787	1.8	-0.000939392
0.519312	1.8	-0.00101652
0.520376	1.8	-0.00110449
0.521219	1.8	-0.00117366
0.522325	1.8	-0.0012645
0.523689	1.8	-0.00133633
0.525016	1.8	-0.00140361
0.526037	1.8	-0.00146596
0.527043	1.8	-0.00151435
0.528245	1.8	-0.0015765
0.529659	1.8	-0.00162431
0.531001	1.8	-0.00166783
0.532229	1.8	-0.00171281
0.533603	1.8	-0.00174656
0.535036	1.8	-0.00178071
0.536333	1.8	-0.00180908
0.537522	1.8	-0.00182614
0.538936	1.8	-0.00184067
0.540265	1.8	-0.00185643
0.541269	1.8	-0.00186584
0.542835	1.8	-0.00187105
0.544344	1.8	-0.00187434
0.545699	1.8	-0.0018739
0.546994	1.8	-0.00187047
0.548133	1.8	-0.00186398
0.549449	1.8	-0.00185271
0.550898	1.8	-0.00184006
0.552013	1.8	-0.0018247
0.553247	1.8	-0.00180995
0.554656	1.8	-0.00179
0.555962	1.8	-0.00176783
0.557231	1.8	-0.00174351
0.558485	1.8	-0.00172163
0.560199	1.8	-0.00168877
0.561253	1.8	-0.00165884
0.562482	1.8	-0.00162711
0.563716	1.8	-0.00159384
0.564671	1.8	-0.00155914
0.565624	1.8	-0.00152917
0.566843	1.8	-0.00148582
0.568053	1.8	-0.00144772
0.569317	1.8	-0.00140848
0.570402	1.8	-0.00136839
0.571389	1.8	-0.00133433
0.572405	1.8	-0.00129277
0.573476	1.8	-0.00125084
0.574867	1.8	-0.00121546
0.576087	1.8	-0.00117257
0.577211	1.8	-0.00112959
0.578621	1.8	-0.00108639
0.579813	1.8	-0.00105022
0.58107	1.8	-0.000999559
0.58235	1.8	-0.000956453
0.583769	1.8	-0.000913263
0.585185	1.8	-0.000870276
0.586242	1.8	-0.000827557
0.58713	1.8	-0.000792135
0.58819	1.8	-0.000743032
0.589493	1.8	-0.000701706
0.590761	1.8	-0.000660703
0.591775	1.8	-0.000620283
0.592621	1.8	-0.000587005
0.594307	1.8	-0.000541227
0.59573	1.8	-0.000503017
0.596766	1.8	-0.00046539
0.597617	1.8	-0.000428575
0.598636	1.8	-0.000392604
0.599808	1.8	-0.000351838
0.600862	1.8	-0.000323464
0.602051	1.8	-0.000290065
0.603121	1.8	-0.000257787
0.604212	1.8	-0.000226492
0.605153	1.8	-0.000201125
0.606319	1.8	-0.000166825
0.607582	1.8	-0.000138733
0.608659	1.8	-0.000111556
0.609794	1.8	-8.5445e-05
0.611178	1.8	-6.04037e-05
0.612504	1.8	-3.64378e-05
0.613709	1.8	-1.35507e-05
0.615167	1.8	3.46945e-18
0.616628	1.8	2.90654e-05
0.617634	1.8	4.85123e-05
0.618658	1.8	6.71084e-05
0.61978	1.8	8.46329e-05
0.620857	1.8	0.0001037
0.62212	1.8	0.000118886
0.623272	1.8	0.00013311
0.624647	1.8	0.000148378
0.625978	1.8	0.000160356
0.627039	1.8	0.000171404
0.628209	1.8	0.000181479
0.629466	1.8	0.0001906
0.63065	1.8	0.000198787
0.631907	1.8	0.000207166
0.633459	1.8	0.000213374
0.635026	1.8	0.000218749
0.636474	1.8	0.000223279
0.638111	1.8	0.000226436
0.639552	1.8	0.000229498
0.640679	1.8	0.000231768
0.64207	1.8	0.000233092
0.643447	1.8	0.000234099
0.644829	1.8	0.000234198
0.646397	1.8	0.000233773
0.647991	1.8	0.000232669
0.649471	1.8	0.000230947
0.650696	1.8	0.000229056
0.651826	1.8	0.000226262
0.653162	1.8	0.000222933
0.654506	1.8	0.000218408
0.655877	1.8	0.000214011
0.656966	1.8	0.000209143
0.657981	1.8	0.000204751
0.659327	1.8	0.000198134
0.660485	1.8	0.000192084
0.661667	1.8	0.000185662
0.662959	1.8	0.000177779
0.664248	1.8	0.000170714
0.665653	1.8	0.00016212
0.666727	1.8	0.000154505
0.667986	1.8	0.000146648
0.669254	1.8	0.000138602
0.670333	1.8	0.000131756
0.671325	1.8	0.000123396
0.672438	1.8	0.000114943
0.673856	1.8	0.000106386
0.675237	1.8	9.63188e-05
0.676246	1.8	8.76375e-05
0.677445	1.8	7.8884e-05
0.678725	1.8	7.01123e-05
0.679854	1.8	5.98978e-05
0.680914	1.8	5.11752e-05
0.68221	1.8	4.24558e-05
0.683439	1.8	3.3791e-05
0.684614	1.8	2.37891e-05
0.685959	1.8	1.53207e-05
0.687515	1.8	6.9201e-06
0.689012	1.8	-3.46945e-18
0.69002	1.8	-8.21164e-06
0.691266	1.8	-1.49309e-05
0.692592	1.8	-2.41615e-05
0.693972	1.8	-3.05994e-05
0.695411	1.8	-3.82116e-05
0.696377	1.8	-4.56155e-05
0.697537	1.8	-5.16549e-05
0.699191	1.8	-5.98795e-05
0.700655	1.8	-6.66736e-05
0.701923	1.8	-7.32864e-05
0.703148	1.8	-7.86422e-05
0.704451	1.8	-8.58795e-05
0.70561	1.8	-9.18061e-05
0.706809	1.8	-9.75268e-05
0.708094	1.8	-0.000103893
0.709367	1.8	-0.000109086
0.710748	1.8	-0.000114854
0.711892	1.8	-0.000120276
0.713221	1.8	-0.000123963
0.714685	1.8	-0.000128186
0.716157	1.8	-0.000131509
0.717837	1.8	-0.000135278
0.719074	1.8	-0.000138788
0.720162	1.8	-0.000141532
0.721338	1.8	-0.000145089
0.722758	1.8	-0.000147861
0.724229	1.8	-0.000150803
0.72521	1.8	-0.00015271
0.726181	1.8	-0.000154469
0.727248	1.8	-0.000156652
0.728639	1.8	-0.000158268
0.730156	1.8	-0.00015988
0.731374	1.8	-0.000160851
0.732583	1.8	-0.000161827
0.733761	1.8	-0.00016248
0.735105	1.8	-0.000163155
0.736517	1.8	-0.000163515
0.737961	1.8	-0.000163686
0.739199	1.8	-0.000163685
0.740462	1.8	-0.000163517
0.741528	1.8	-0.000163172
0.742984	1.8	-0.000162556
0.744491	1.8	-0.000161851
0.745695	1.8	-0.000160988
0.74681	1.8	-0.000160153
0.748014	1.8	-0.000158815
0.749337	1.8	-0.000157523
0.750765	1.8	-0.000156097
0.752018	1.8	-0.000154548
0.753022	1.8	-0.000152879
0.754031	1.8	-0.0001514
0.755102	1.8	-0.000149527
0.756449	1.8	-0.000147561
0.75784	1.8	-0.000145158
0.759212	1.8	-0.000143003
0.760607	1.8	-0.000141138
0.762007	1.8	-0.00013883
0.762982	1.8	-0.000136859
0.76393	1.8	-0.000134434
0.765101	1.8	-0.000131961
0.766308	1.8	-0.000129438
0.767591	1.8	-0.000126871
0.768585	1.8	-0.000123839
0.769564	1.8	-0.000121202
0.770768	1.8	-0.000118531
0.771842	1.8	-0.00011584
0.772914	1.8	-0.00011269
0.774059	1.8	-0.000109979
0.775223	1.8	-0.000107255
0.776484	1.8	-0.000104982
0.777484	1.8	-0.000102256
0.778339	1.8	-9.95475e-05
0.779269	1.8	-9.68528e-05
0.780354	1.8	-9.41758e-05
0.781624	1.8	-9.15205e-05
0.782947	1.8	-8.84597e-05
0.784024	1.8	-8.5871e-05
0.785249	1.8	-8.33072e-05
0.786496	1.8	-8.03672e-05
0.787694	1.8	-7.78932e-05
0.789079	1.8	-7.54545e-05
0.790374	1.8	-7.2672e-05
0.791593	1.8	-7.03423e-05
0.792589	1.8	-6.80565e-05
0.793524	1.8	-6.58245e-05
0.794701	1.8	-6.32948e-05
0.796029	1.8	-6.11912e-05
0.797306	1.8	-5.91403e-05
0.798596	1.8	-5.71508e-05
0.799796	1.8	-5.52237e-05
0.800889	1.8	-5.33603e-05
0.802033	1.8	-5.12713e-05
0.803166	1.8	-4.95535e-05
0.804283	1.8	-4.78967e-05
0.805416	1.8	-4.6307e-05
0.806732	1.8	-4.45403e-05
0.807918	1.8	-4.31009e-05
0.809016	1.8	-4.17248e-05
0.810439	1.8	-4.04168e-05
0.811637	1.8	-3.89787e-05
0.812737	1.8	-3.80073e-05
0.813711	1.8	-3.68987e-05
0.814962	1.8	-3.58605e-05
0.816451	1.8	-3.48886e-05
0.817875	1.65122	-3.39823e-05
0.819235	1.49979	-3.3141e-05
0.820574	1.37376	-3.24878e-05
0.821896	1.22274	-3.17611e-05
0.823216	1.07203	-3.10987e-05
0.824372	0.896614	-3.04039e-05
0.825573	0.746661	-2.98732e-05
0.826818	0.597122	-2.93989e-05
0.827853	0.423244	-2.89179e-05
0.829034	0.27474	-2.85657e-05
0.830259	0.12677	-2.82659e-05
0.831359	-0.0451351	-2.79823e-05
0.832524	-0.191829	-2.77939e-05
0.83392	-0.337884	-2.76534e-05
0.835212	-0.507429	-2.75489e-05
0.836459	-0.651996	-2.75082e-05
0.837663	-0.771911	-2.75072e-05
0.839029	-0.915107	-2.75441e-05
0.840154	-1.03384	-2.76057e-05
0.84122	-1.17557	-2.7715e-05
0.842432	-1.31647	-2.78609e-05
0.843583	-1.45653	-2.80418e-05
0.844463	-1.59571	-2.8256e-05
0.845489	-1.71102	-2.84588e-05
0.8468	-5	1.59567e-05
0.848089	-5	1.61077e-05
0.849074	-5	1.62655e-05
0.850206	-5	1.64159e-05
0.851293	-5	1.66154e-05
0.85235	-5	1.68698e-05
0.853597	-5	1.70629e-05
0.854831	-5	1.73455e-05
0.856025	-5	1.75961e-05
0.857094	-5	1.78946e-05
0.85802	-5	1.81532e-05
0.859098	-5	1.84122e-05
0.860374	-5	1.86697e-05
0.861539	-5	1.89662e-05
0.862998	-5	1.92151e-05
0.864242	-5	1.94978e-05
0.865252	-5	1.96936e-05
0.866433	-5	1.99209e-05
0.867657	-5	2.0139e-05
0.868888	-5	2.03808e-05
0.870102	-5	2.05763e-05
0.871314	-5	2.07899e-05
0.87234	-5	2.09599e-05
0.873498	-5	2.11174e-05
0.874567	-5	2.12621e-05
0.875703	-5	2.14143e-05
0.876856	-5	2.15302e-05
0.878123	-5	2.16324e-05
0.879516	-5	2.17344e-05
0.880589	-5	2.17956e-05
0.881857	-5	2.18652e-05
0.883196	-5	2.19098e-05
0.884268	-5	2.19443e-05
0.885444	-5	2.1959e-05
0.886696	-5	2.196e-05
0.887744	-5	2.19473e-05
0.88912	-5	2.19157e-05
0.890419	-5	2.18742e-05
0.891588	-5	2.18197e-05
0.892818	-5	2.17524e-05
0.893798	-5	2.16724e-05
0.894948	-5	2.15801e-05
0.896206	-5	2.14756e-05
0.897393	-5	2.13387e-05
0.898698	-5	2.12089e-05
0.90003	-5	2.10432e-05
0.901081	-5	2.08893e-05
0.902237	-5	2.07248e-05
0.903409	-5	2.05499e-05
0.904448	-5	2.0365e-05
0.905479	-5	2.01703e-05
0.906776	-5	1.99662e-05
0.90818	-5	1.9753e-05
0.909477	-5	1.9531e-05
0.91055	-5	1.93005e-05
0.911542	-5	1.90619e-05
0.912751	-5	1.88155e-05
0.914025	-5	1.85615e-05
0.915298	-5	1.82562e-05
0.91635	-5	1.79871e-05
0.917499	-5	1.77115e-05
0.918718	-5	1.73821e-05
0.919731	-5	1.70935e-05
0.920919	-5	1.67994e-05
0.9222	-5	1.64497e-05
0.923248	-5	1.61447e-05
0.924249	-5	1.58871e-05
0.92556	-5	1.55739e-05
0.927012	-5	1.52034e-05
0.928512	-5	1.48818e-05
0.929761	-5	1.46112e-05
0.930843	-5	1.42835e-05
0.932024	-5	1.39529e-05
0.933464	-5	1.36196e-05
0.9348	-5	1.32278e-05
0.935878	-5	1.28897e-05
0.936948	-5	1.26065e-05
0.938043	-5	1.22082e-05
0.939161	-5	1.18653e-05
0.940252	-5	1.15213e-05
0.941566	-5	1.11188e-05
0.942634	-5	1.07732e-05
0.943635	-5	1.04271e-05
0.944999	-5	1.00231e-05
0.946431	-5	9.67692e-06
0.947676	-5	9.33094e-06
0.94913	-5	8.98535e-06
0.95025	-5	8.69779e-06
0.951484	-5	8.29603e-06
0.952779	-5	7.9527e-06
0.954055	-5	7.6105e-06
0.954984	-5	7.21289e-06
0.95589	-5	6.8737e-06
0.956957	-5	6.53613e-06
0.958135	-5	6.2003e-06
0.959476	-5	5.81088e-06
0.960501	-5	5.47933e-06
0.961806	-5	5.14997e-06
0.96304	-5	4.82287e-06
0.964159	-5	4.49816e-06
0.965044	-5	4.17595e-06
0.966068	-5	3.90942e-06
0.967392	-5	3.592e-06
0.968865	-5	3.27734e-06
0.970082	-5	2.96556e-06
0.971137	-5	2.708e-06
0.972344	-5	2.35091e-06
0.973511	-5	2.04822e-06
0.974629	-5	1.74874e-06
0.975829	-5	1.40347e-06
0.976871	-5	1.11115e-06
0.978046	-5	8.22225e-07
0.979251	-5	4.89463e-07
0.980593	-5	2.08035e-07
0.981869	-5	-6.98708e-08
0.983229	-5	-3.44243e-07
0.984406	-5	-6.59829e-07
0.985547	-5	-8.82218e-07
0.986637	-5	-1.14579e-06
0.987779	-5	-1.40575e-06
0.989117	-5	-1.66204e-06
0.990197	-5	-1.91467e-06
0.991073	-5	-2.12238e-06
0.992161	-5	-2.36829e-06
0.993383	-5	-2.61052e-06
0.994669	-5	-2.88845e-06
0.995875	-5	-3.12263e-06
0.997109	-5	-3.39116e-06
0.99847	-5	-3.61731e-06
0.99987	-5	-3.8398e-06
1.001	-5	-4.05864e-06
1.00218	-5	-4.27387e-06
1.00328	-5	-4.52042e-06
1.00487	-5	-4.72784e-06
1.00628	-5	-4.93169e-06
1.00769	-5	-5.13203e-06
1.0089	-5	-5.32889e-06
1.01014	-5	-5.4903e-06
1.01143	-5	-5.7123e-06
1.01248	-5	-5.8989e-06
1.01365	-5	-6.08213e-06
1.01477	-5	-6.29171e-06
1.01578	-5	-6.46778e-06
1.01678	-5	-6.6406e-06
1.01804	-5	-6.81025e-06
1.0197	-5	-7.00421e-06
1.0213	-5	-7.16709e-06
1.02256	-5	-7.35326e-06
1.02342	-5	-7.48374e-06
1.02472	-5	-7.63764e-06
1.02618	-5	-7.81356e-06
1.02766	-5	-7.96124e-06
1.02936	-5	-8.10614e-06
1.03069	-5	-8.24832e-06
1.03175	-5	-8.36475e-06
1.03284	-5	-8.50209e-06
1.0342	-5	-8.63686e-06
1.03543	-5	-8.7909e-06
1.03669	-5	-8.89886e-06
1.03801	-5	-9.0262e-06
1.03941	-5	-9.17179e-06
1.04066	-5	-9.29406e-06
1.04225	-5	-9.39422e-06
1.0436	-5	-9.53192e-06
1.04496	-5	-9.62849e-06
1.04654	-5	-9.74246e-06
1.04787	-5	-9.8544e-06
1.04906	-5	-9.94618e-06
1.05034	-5	-1.00366e-05
1.05148	-5	-1.01434e-05
1.05282	-5	-1.02484e-05
1.05431	-5	-1.03686e-05
1.05521	-5	-1.04698e-05
1.05601	-5	-1.05528e-05
1.05712	-5	-1.06509e-05
1.05853	-5	-1.07475e-05
1.05989	-5	-1.08582e-05
1.06117	-5	-1.0936e-05
1.06236	-5	-1.10282e-05
1.06366	-5	-1.11189e-05
1.06492	-5	-1.12084e-05
1.0663	-5	-1.13111e-05
1.068	-5	-1.13978e-05
1.06974	-5	-1.14975e-05
1.07102	-5	-1.15817e-05
1.07245	-5	-1.16511e-05
1.07393	-5	-1.1747e-05
1.07555	-5	-1.18282e-05
1.07688	-5	-1.18951e-05
1.0782	-5	-1.19746e-05
1.07905	-5	-1.20532e-05
1.07997	-5	-1.21182e-05
1.08119	-5	-1.22082e-05
1.0827	-5	-1.22845e-05
1.08422	-5	-1.23602e-05
1.08524	-5	-1.24352e-05
1.08656	-5	-1.25096e-05
1.08787	-5	-1.25834e-05
1.08912	-5	-1.26567e-05
1.09038	-5	-1.27295e-05
1.09133	-5	-1.28018e-05
1.09265	-5	-1.28617e-05
1.09386	-5	-1.29452e-05
1.0948	-5	-1.30164e-05
1.09569	-5	-1.30754e-05
1.09679	-5	-1.31577e-05
1.09827	-5	-1.32162e-05
1.09986	-5	-1.32863e-05
1.10109	-5	-1.33677e-05
1.10262	-0.983	-0.00983646
1.10415	0.709368	-0.0109374
1.10527	1.8	-0.0121222
1.10668	1.8	-0.0131894
1.10815	1.8	-0.0145856
1.10974	1.8	-0.016137
1.11123	1.8	-0.0178802
1.1126	1.8	-0.0195116
1.11369	1.8	-0.0217336
1.11487	1.8	-0.0238665
1.11608	1.8	-0.0274067
1.11732	1.8	-0.0311561
1.11867	1.8	-0.0357742
1.11988	1.8	-0.0382094
1.12101	1.8	-0.0388466
1.12232	1.8	-0.039575
1.12371	1.8	-0.0401166
1.12465	1.8	-0.0405926
1.12587	1.8	-0.0410594
1.12721	1.8	-0.0413869
1.12855	1.8	-0.0416535
1.12995	1.8	-0.0418853
1.13126	1.8	-0.0420193
1.13229	1.8	-0.0420891
1.13351	1.8	-0.0421224
1.13491	1.8	-0.0420935
1.13617	1.8	-0.0420144
1.13748	1.8	-0.0418873
1.13885	1.8	-0.0417146
1.14039	1.8	-0.0414589
1.14199	1.8	-0.0412421
1.143	1.8	-0.0409442
1.14392	1.8	-0.0406685
1.14516	1.8	-0.0403047
1.14669	1.8	-0.0398431
1.1483	1.8	-0.0394156
1.14931	1.8	-0.0388799
1.15015	1.8	-0.0384755
1.15133	1.8	-0.0379635
1.15262	1.8	-0.0373445
1.15396	1.8	-0.0367935
1.15515	1.8	-0.0361258
1.15658	1.8	-0.0356351
1.15802	1.8	-0.0349269
1.15963	1.8	-0.0344138
1.16108	1.8	-0.0337814
1.16248	1.8	-0.033144
1.16372	1.8	-0.0326044
1.16485	1.8	-0.0319486
1.16613	1.8	-0.0312919
1.16749	1.8	-0.0305229
1.16881	1.8	-0.0298624
1.17004	1.8	-0.029087
1.17121	1.8	-0.0284242
1.17275	1.8	-0.0277572
1.17444	1.8	-0.0270923
1.17598	1.8	-0.0264304
1.17742	1.8	-0.0257722
1.17881	1.8	-0.0252253
1.18016	1.8	-0.0245721
1.18168	1.8	-0.0239299
1.18325	1.8	-0.0232944
1.1846	1.8	-0.0226665
1.18588	1.8	-0.0220468
1.18741	1.8	-0.0215351
1.18915	1.8	-0.0208302
1.19102	1.8	-0.0202429
1.1922	1.8	-0.0196611
1.19348	1.8	-0.0190902
1.19479	1.8	-0.0185304
1.19621	1.8	-0.0179819
1.19727	1.8	-0.017532
1.19843	1.8	-0.0170016
1.1996	1.63143	-0.0164874
1.20053	1.23368	-0.0159853
1.20168	0.834377	-0.0154174
1.20295	0.548715	-0.0149456
1.20402	0.306118	-0.0144829
1.2052	0.117409	-0.014033
1.2064	-0.0278268	-0.0135262
1.2074	-0.0863889	-0.0131069
1.20833	-0.0921493	-0.0126972
1.20937	-0.0141832	-0.0122374
1.21061	0.127008	-0.0118582
1.21182	0.329741	-0.0114889
1.21293	0.604681	-0.0111325
1.21407	0.954453	-0.0107888
1.21527	1.38216	-0.0104577
1.21643	1.79772	-0.0101904
1.21817	1.8	-0.00988008
1.21946	1.8	-0.00963197
1.2206	1.8	-0.0093444
1.22178	1.8	-0.00907102
1.22289	1.8	-0.00876786
1.2241	1.8	-0.00852111
1.22505	1.8	-0.00828358
1.22618	1.8	-0.00805707
1.22722	1.8	-0.00780725
1.22829	1.8	-0.00760497
1.22946	1.8	-0.00741119
1.23077	1.8	-0.00722734
1.23171	1.8	-0.00702673
1.23276	1.8	-0.0068643
1.23389	1.8	-0.0067096
1.23512	1.8	-0.00656368
1.236	1.8	-0.00640468
1.237	1.8	-0.00627756
1.23809	1.8	-0.00615724
1.23901	1.8	-0.00604453
1.23984	1.8	-0.00592267
1.24107	1.8	-0.00582606
1.24219	1.8	-0.00573534
1.24337	1.8	-0.00565107
1.24407	1.8	-0.0055853
1.24503	1.8	-0.00551159
1.24596	1.8	-0.00545478
1.24704	1.8	-0.00538163
1.24807	1.8	-0.00532523
1.24901	1.8	-0.00527323
1.25017	1.8	-0.00522592
1.25133	1.8	-0.00518303
1.25219	1.8	-0.00513846
1.25304	1.8	-0.00510461
1.254	1.8	-0.00507418
1.25501	1.8	-0.00504724
1.25608	1.8	-0.00502356
1.25695	1.8	-0.00500296
1.2579	1.8	-0.00498521
1.25897	1.8	-0.00496794
1.25995	1.8	-0.00495582
1.26099	1.8	-0.00494586
1.26202	1.8	-0.00493798
1.26301	1.8	-0.00493201
1.26422	1.8	-0.00492727
1.26531	1.8	-0.00492492
1.26633	1.8	-0.00492393
1.26736	1.8	-0.00492421
1.26842	1.8	-0.00492594
1.26955	1.8	-0.00492846
1.27065	1.8	-0.00493182
1.2717	1.8	-0.00493588
1.27287	1.8	-0.00494053
1.27369	1.8	-0.00494566
1.27463	1.8	-0.00495116
1.27568	1.8	-0.00495787
1.27667	1.8	-0.00496378
1.27761	1.8	-0.0049698
1.27876	1.8	-0.00497578
1.27996	1.8	-0.00499869
1.28102	1.8	-0.00498823
1.28213	1.8	-0.00499425
1.28308	1.8	-0.00499924
1.28415	1.8	-0.00500386
1.28524	1.8	-0.00500866
1.28618	1.8	-0.00501221
1.28721	1.8	-0.00501523
1.2883	1.8	-0.00501764
1.28914	1.8	-0.0050194
1.28994	1.8	-0.00502047
1.29092	1.8	-0.00502083
1.29198	1.8	-0.00502028
1.29309	1.8	-0.00501898
1.29402	1.8	-0.00501687
1.29482	1.8	-0.00501393
1.29562	1.8	-0.00501015
1.29673	1.8	-0.00500551
1.2979	1.8	-0.00500001
1.29892	1.8	-0.00499363
1.30014	1.8	-0.00498636
1.3012	1.8	-0.00497821
1.30231	1.8	-0.00496761
1.30354	1.8	-0.00495758
1.30453	1.8	-0.0049466
1.30558	1.8	-0.00493273
1.30657	1.8	-0.00491992
1.30754	1.8	-0.00490617
1.30857	1.8	-0.00489157
1.3097	1.8	-0.00487613
1.3107	1.8	-0.00485986
1.3119	1.8	-0.00484277
1.31305	1.8	-0.00482198
1.31439	1.8	-0.00480639
1.31515	1.8	-0.00478684
1.31611	1.8	-0.00476666
1.31699	1.8	-0.00474574
1.31799	1.8	-0.00472412
1.31906	1.8	-0.00470181
1.32006	1.8	-0.00467884
1.32113	1.8	-0.00465133
1.32205	1.8	-0.00462713
1.32296	1.8	-0.00460219
1.32396	1.8	-0.0045767
1.32494	1.8	-0.00455066
1.32597	1.8	-0.00452411
1.32709	1.8	-0.00449261
1.32828	1.8	-0.00446518
1.32936	1.8	-0.00443713
1.33069	1.8	-0.00440868
1.33158	1.8	-0.00437984
1.33263	1.8	-0.00435064
1.33379	1.8	-0.0043211
1.33486	1.8	-0.00428636
1.33581	1.8	-0.00425634
1.33677	1.8	-0.00422587
1.33777	1.8	-0.00419518
1.33878	1.8	-0.00416427
1.3399	1.8	-0.00413318
1.34093	1.8	-0.00409681
1.34189	1.8	-0.00406556
1.34293	1.8	-0.00403399
1.34402	1.8	-0.00400234
1.34508	1.8	-0.00397062
1.34604	1.8	-0.00393366
1.34725	1.8	-0.00390202
1.34847	1.8	-0.00387018
1.34939	1.8	-0.00383836
1.35048	1.8	-0.00380656
1.35153	1.8	-0.00377482
1.35257	1.8	-0.00373798
1.35352	1.8	-0.00370657
1.35446	1.8	-0.00367506
1.35557	1.8	-0.00364368
1.35677	1.8	-0.00361244
1.35764	1.8	-0.00358134
1.35878	1.8	-0.00355041
1.35986	1.8	-0.00351966
1.36096	1.8	-0.00348909
1.36211	1.8	-0.00345379
1.36296	1.8	-0.00342384
1.36376	1.8	-0.00339392
1.36468	1.8	-0.00336425
1.36576	1.8	-0.00333483
1.36687	1.8	-0.00330566
1.368	1.8	-0.00327676
1.3689	1.8	-0.00324813
1.36987	1.8	-0.00322441
1.37091	1.8	-0.00319623
1.37172	1.8	-0.00316843
1.37272	1.8	-0.00314093
1.37384	1.8	-0.00311373
1.37492	1.8	-0.00308249
1.37577	1.8	-0.0030561
1.37666	1.8	-0.00302988
1.37766	1.8	-0.00300398
1.37851	1.8	-0.00297841
1.37938	1.8	-0.00295317
1.38042	1.8	-0.00292826
1.38131	1.8	-0.0028997
1.38224	1.8	-0.00287564
1.38336	1.8	-0.00285176
1.38437	1.8	-0.00282823
1.38524	1.8	-0.00280503
1.38627	1.8	-0.00278218
1.38752	1.8	-0.00275966
1.38851	1.8	-0.00273388
1.38945	1.8	-0.00271573
1.39025	1.8	-0.00269408
1.39121	1.8	-0.0026729
1.3923	1.8	-0.00265204
1.39336	1.8	-0.00263151
1.39446	1.8	-0.00260804
1.39534	1.8	-0.00259153
1.39633	1.8	-0.00257185
1.39745	1.8	-0.0025526
1.39851	1.8	-0.0025306
1.39943	1.8	-0.00251513
1.40035	1.8	-0.00249372
1.40137	1.8	-0.00247585
1.40241	1.8	-0.00245816
1.40348	1.8	-0.00244076
1.4046	1.8	-0.00242366
1.40568	1.8	-0.00240412
1.40658	1.8	-0.0023877
1.40745	1.8	-0.00237147
1.40844	1.8	-0.00235551
1.40939	1.8	-0.00233981
1.4103	1.8	-0.00232438
1.41141	1.8	-0.0023092
1.41268	1.8	-0.00229185
1.41381	1.8	-0.00227727
1.41501	1.8	-0.00226286
1.4159	1.8	-0.00224638
1.41681	1.8	-0.00223254
1.41773	1.8	-0.00221884
1.41872	1.8	-0.00220536
1.41985	1.8	-0.0021921
1.42075	1.8	-0.00217905
1.42167	1.8	-0.0021662
1.42262	1.8	-0.00215151
1.42371	1.8	-0.00213915
1.42482	1.8	-0.00212691
1.42581	1.8	-0.00211485
1.42669	1.8	-0.00210298
1.42776	1.8	-0.00209129
1.42888	1.8	-0.00207976
1.42995	1.8	-0.00206656
1.43103	1.8	-0.00205544
1.43202	1.8	-0.00204442
1.43294	1.8	-0.00203356
1.43393	1.8	-0.00202284
1.43483	1.8	-0.00201055
1.43568	1.8	-0.0020002
1.43672	1.8	-0.00198992
1.43775	1.8	-0.00197978
1.43881	1.8	-0.00196977
1.43984	1.8	-0.00195828
1.44097	1.8	-0.00194858
1.44192	1.8	-0.00194053
1.44322	1.8	-0.00193095
1.4445	1.8	-0.00192001
1.44541	1.8	-0.00191228
1.44648	1.8	-0.00190304
1.44749	1.8	-0.00189395
1.44854	1.8	-0.00188497
1.44964	1.8	-0.00187608
1.45058	1.8	-0.00186729
1.45163	1.8	-0.00185718
1.45271	1.8	-0.00184863
1.45375	1.8	-0.00184012
1.45481	1.8	-0.0018317
1.45581	1.8	-0.00182337
1.45673	1.8	-0.00181378
1.45777	1.8	-0.00180566
1.4589	1.8	-0.00179758
1.46008	1.8	-0.00178958
1.46094	1.8	-0.00178165
1.46187	1.8	-0.00177381
1.46281	1.8	-0.00176603
1.46391	1.8	-0.00175833
1.465	1.8	-0.0017507
1.46639	1.8	-0.00174194
1.46728	1.8	-0.00173449
1.46816	1.8	-0.00172708
1.46909	1.8	-0.00171973
1.47016	1.8	-0.00171245
1.47131	1.8	-0.00170524
1.47258	1.8	-0.00169693
1.47371	1.8	-0.00168989
1.47481	1.8	-0.00168289
1.47561	1.8	-0.00167594
1.47647	1.8	-0.00166907
1.47739	1.8	-0.00166115
1.47852	1.8	-0.00165444
1.47953	1.8	-0.00164776
1.48068	1.8	-0.00164115
1.48174	1.8	-0.00163461
1.48273	1.8	-0.00162813
1.48382	1.8	-0.00162067
1.4849	1.8	-0.00161436
1.48578	1.8	-0.00160808
1.48674	1.8	-0.00160187
1.48786	1.8	-0.00159573
1.48897	1.8	-0.00158966
1.49003	1.8	-0.00158365
1.4911	1.8	-0.00157771
1.49218	1.8	-0.00157184
1.49316	1.8	-0.00156604
1.49426	1.8	-0.00156031
1.49534	1.8	-0.00155465
1.49616	1.8	-0.00154906
1.49704	1.8	-0.00154354
1.49802	1.8	-0.00153721
1.49897	1.8	-0.00153187
1.49981	1.8	-0.00152659
1.50089	1.8	-0.00152137
1.50198	1.8	-0.00151624
1.50308	1.8	-0.00151118
1.50395	1.8	-0.00150539
1.50488	1.8	-0.00150051
1.50585	1.8	-0.0014957
1.5069	1.8	-0.00149097
1.50797	1.8	-0.00148632
1.50873	1.8	-0.00148101
1.50967	1.8	-0.00147656
1.51079	1.8	-0.00147217
1.51191	1.8	-0.00146787
1.51291	1.8	-0.00146365
1.51414	1.8	-0.00145953
1.51523	1.8	-0.00145484
1.51614	1.8	-0.00145092
1.51708	1.8	-0.00144708
1.51808	1.8	-0.00144334
1.51934	1.8	-0.00143909
1.52028	1.8	-0.00143556
1.5212	1.8	-0.00143212
1.52218	1.8	-0.00142877
1.52318	1.8	-0.00142552
1.52418	1.8	-0.00142237
1.52517	1.8	-0.00141933
1.52617	1.8	-0.00141639
1.52715	1.8	-0.00141355
1.52823	1.8	-0.00141082
1.5292	1.8	-0.00140778
1.53029	1.8	-0.0014053
1.5313	1.8	-0.00140291
1.53228	1.8	-0.00140064
1.53346	1.8	-0.00139848
1.53446	1.8	-0.00139611
1.53555	1.8	-0.00139421
1.53664	1.8	-0.00139214
1.53777	1.8	-0.0013905
1.53861	1.8	-0.00138897
1.53948	1.8	-0.00138757
1.54046	1.8	-0.0013863
1.54141	1.8	-0.00138515
1.54241	1.8	-0.00138413
1.54353	1.8	-0.00138312
1.54465	1.8	-0.00138239
1.54576	1.8	-0.0013818
1.5469	1.8	-0.00138135
1.54798	1.8	-0.001381
1.54914	1.8	-0.00138087
1.55005	1.8	-0.00138085
1.55097	1.8	-0.00138101
1.55193	1.8	-0.00138131
1.55304	1.8	-0.00138177
1.55416	1.8	-0.00138238
1.55512	1.8	-0.00138315
1.55623	1.8	-0.00138408
1.55727	1.8	-0.00138538
1.55812	1.8	-0.00138667
1.5589	1.8	-0.00138814
1.55982	1.8	-0.00138979
1.56093	1.8	-0.00139161
1.56216	1.8	-0.00139397
1.563	1.8	-0.00139619
1.56408	1.8	-0.00139861
1.56526	1.8	-0.00140122
1.56626	1.8	-0.00140404
1.56732	1.8	-0.00140757
1.5684	1.8	-0.00141083
1.5695	1.8	-0.00141431
1.57055	1.8	-0.00141801
1.5715	1.8	-0.00142194
1.57262	1.8	-0.00142681
1.57368	1.8	-0.00143123
1.57485	1.8	-0.00143592
1.57592	1.8	-0.00144085
1.57693	1.8	-0.00144692
1.57807	1.8	-0.00145241
1.57916	1.8	-0.00145819
1.58026	1.8	-0.00146425
1.58147	1.8	-0.00147168
1.58254	1.8	-0.00147836
1.5836	1.8	-0.00148537
1.58459	1.8	-0.0014927
1.58559	1.8	-0.00150035
1.58662	1.8	-0.00150834
1.58754	1.8	-0.0015181
1.58832	1.8	-0.00152684
1.58931	1.8	-0.00153599
1.59027	1.8	-0.00154552
1.5913	1.8	-0.00155545
1.5924	1.8	-0.0015658
1.59343	1.8	-0.00157658
1.5945	1.8	-0.0015897
1.59547	1.8	-0.00160144
1.59638	1.8	-0.00161369
1.5974	1.8	-0.00162645
1.59848	1.8	-0.00163972
1.59962	1.8	-0.00165353
1.60075	1.8	-0.00166791
1.60178	1.8	-0.0016854
1.60281	1.8	-0.00170105
1.60364	1.8	-0.00171737
1.60439	1.8	-0.00173436
1.60532	1.8	-0.00175205
1.60639	1.8	-0.00177046
1.60757	1.8	-0.00178963
1.60855	1.8	-0.00181298
1.60982	1.8	-0.00183388
1.61067	1.8	-0.00185571
1.61172	1.8	-0.00187845
1.61275	1.8	-0.00190216
1.61377	1.8	-0.00192688
1.61469	1.8	-0.00195266
1.6155	1.8	-0.00197955
1.61658	1.8	-0.00200761
1.61793	1.8	-0.00204189
1.61889	1.8	-0.00207268
1.61989	1.8	-0.00209946
1.62094	1.8	-0.00213294
1.62194	1.8	-0.00216789
1.62306	1.8	-0.00221068
1.62397	1.8	-0.00224921
1.62505	1.8	-0.00228965
1.6264	1.8	-0.00233202
1.62733	1.8	-0.00238404
1.62828	1.8	-0.00242304
1.62917	1.8	-0.00247207
1.63013	1.8	-0.0025235
1.63115	1.8	-0.00257758
1.63222	1.8	-0.00263448
1.63329	1.8	-0.00270467
1.63431	1.8	-0.00276836
1.63525	1.8	-0.00283565
1.6362	1.8	-0.0029067
1.63715	1.8	-0.00298179
1.63825	1.8	-0.0030749
1.63928	1.8	-0.00315986
1.64019	1.8	-0.00325004
1.64109	1.8	-0.00334577
1.64209	1.8	-0.00344754
1.64308	1.8	-0.00355585
1.64407	1.8	-0.00367129
1.64515	1.8	-0.00381583
1.64609	1.8	-0.00394909
1.64716	1.8	-0.00409184
1.64818	1.8	-0.00424496
1.64929	1.8	-0.00443813
1.65027	1.8	-0.00461766
1.65133	1.8	-0.00481137
1.65237	1.8	-0.00502081
1.65345	1.8	-0.00524779
1.65437	1.8	-0.00549437
1.65528	1.8	-0.00581055
1.65644	1.8	-0.00610897
1.6574	1.8	-0.00643573
1.65842	1.8	-0.00679488
1.65946	1.8	-0.00719099
1.66053	1.8	-0.00762946
1.66164	1.8	-0.00820388
1.6627	1.8	-0.00875976
1.6636	1.8	-0.00938244
1.66472	1.8	-0.0100847
1.6658	1.8	-0.0110258
1.66686	1.8	-0.0119595
1.66793	1.8	-0.0130307
1.66898	1.8	-0.0142721
1.67016	1.8	-0.0157231
1.67132	1.8	-0.0177557
1.67224	1.8	-0.0198751
1.67321	1.8	-0.0224291
1.67428	1.8	-0.0255634
1.67515	1.8	-0.028821
1.67599	1.8	-0.0275094
1.67708	1.8	-0.0258466
1.6781	1.8	-0.0244617
1.67916	1.8	-0.0233414
1.68013	1.8	-0.0220866
1.68106	1.8	-0.0208728
1.68196	1.8	-0.0197028
1.68298	1.8	-0.018572
1.68403	1.8	-0.0174761
1.6851	1.8	-0.0162603
1.6862	1.8	-0.0152211
1.68748	1.8	-0.0142145
1.68899	1.8	-0.013094
1.6901	1.8	-0.0122636
1.69109	1.8	-0.0113298
1.69226	1.8	-0.0104096
1.69346	1.8	-0.00950795
1.69454	1.8	-0.00850418
1.69561	1.8	-0.00763555
1.69684	1.8	-0.00679035
1.69801	1.8	-0.00596312
1.69925	1.8	-0.00504632
1.7004	1.8	-0.00425189
1.70171	1.8	-0.00348065
1.70263	1.8	-0.00263094
1.70355	1.8	-0.00198836
1.70468	1.8	-0.00127785
1.70604	1.8	-0.000582393
1.70706	1.8	0.000176836
1.70823	1.8	0.000834353
1.70945	1.8	0.00146745
1.71049	1.8	0.00215128
1.71159	1.8	0.00274322
1.71275	1.8	0.00331024
1.71372	1.8	0.00385539
1.71467	1.8	0.0043786
1.71574	1.8	0.00487965
1.71703	1.8	0.00540607
1.71839	1.8	0.00586201
1.71935	1.8	0.00633205
1.72037	1.8	0.00673944
1.72142	1.8	0.00712204
1.72245	1.8	0.00748175
1.72356	1.8	0.00781871
1.72469	1.8	0.00813301
1.72557	1.8	0.00844033
1.72636	1.8	0.00870804
1.72734	1.8	0.00895266
1.72848	1.8	0.00917522
1.7296	1.8	0.00937604
1.73047	1.8	0.00958079
1.73176	1.8	0.00970578
1.73281	1.8	0.00983971
1.73372	1.8	0.00995468
1.73473	1.8	0.0100497
1.73579	1.8	0.0101251
1.73682	1.8	0.0101815
1.73797	1.8	0.0101886
1.73908	1.8	0.0102054
1.74001	1.8	0.010206
1.74094	1.8	0.0102292
1.74202	1.8	0.0101566
1.74312	1.8	0.0101059
1.74406	1.8	0.0100418
1.745	1.8	0.00996304
1.74629	1.8	0.00987019
1.74749	1.8	0.00970796
1.74859	1.8	0.00958584
1.74962	1.8	0.00945413
1.7508	1.8	0.00924862
1.75186	1.8	0.00909162
1.75289	1.8	0.0089273
1.75395	1.8	0.00875349
1.7552	1.8	0.00857072
1.75639	1.8	0.008309
1.75735	1.8	0.00810761
1.75844	1.8	0.00790263
1.75963	1.8	0.00769145
1.76068	1.8	0.00739948
1.76172	1.8	0.00717508
1.76275	1.8	0.00694988
1.76395	1.8	0.00672101
1.76509	1.8	0.00641123
1.76604	1.8	0.00617433
1.76711	1.8	0.00593918
1.76819	1.8	0.00570271
1.7694	1.8	0.00538677
1.77072	1.8	0.00514713
1.77191	1.8	0.00491148
1.77279	1.8	0.00467662
1.77385	1.8	0.00444289
1.77483	1.8	0.00421076
1.77597	1.8	0.00398072
1.7771	1.8	0.00375321
1.7783	1.8	0.00345257
1.77922	1.8	0.00323025
1.78021	1.8	0.00301543
1.78123	1.8	0.00280481
1.78229	1.8	0.00259857
1.78338	1.8	0.00232505
1.78447	1.8	0.00212783
1.78528	1.8	0.00193947
1.78624	1.8	0.00175676
1.78741	1.8	0.00157977
1.78851	1.8	0.00134219
1.78957	1.8	0.00117707
1.79066	1.8	0.00102162
1.79183	1.8	0.000872764
1.79283	1.8	0.00066903
1.79393	1.8	0.000533528
1.79508	1.8	0.000407933
1.79601	1.8	0.000232017
1.79691	1.8	0.000120569
1.79797	1.8	1.89579e-05
1.79913	1.8	-7.5598e-05
1.80012	1.8	-0.00016319
1.80117	1.8	-0.000243788
1.80232	1.8	-0.000317378
1.8033	1.8	-0.000383961
1.80431	1.8	-0.000490434
1.80521	1.8	-0.000496743
1.80617	1.8	-0.000540236
1.80715	1.8	-0.000535841
1.80822	1.8	-0.000569009
1.80925	1.8	-0.000597677
1.81046	1.8	-0.000619756
1.8116	1.8	-0.000635274
1.81254	1.8	-0.000682327
1.81387	1.8	-0.000684208
1.81502	1.8	-0.000678147
1.81618	1.8	-0.000666262
1.81735	1.8	-0.000682112
1.81838	1.8	-0.000658253
1.81962	1.8	-0.00062757
1.82074	1.8	-0.00062207
1.82168	1.8	-0.000580749
1.82271	1.8	-0.000533497
1.82374	1.8	-0.000482068
1.82479	1.8	-0.000426723
1.82589	1.8	-0.000393602
1.82702	1.8	-0.000329922
1.82815	1.8	-0.000261653
1.82929	1.8	-0.000190353
1.83042	1.8	-0.00013957
1.83156	1.8	-6.18875e-05
1.83263	1.8	1.92888e-05
1.83362	1.8	8.0885e-05
1.83469	1.8	0.000166942
1.83575	1.8	0.000255662
1.83687	1.8	0.000345715
1.83778	1.8	0.000416656
1.83883	1.8	0.000529665
1.84008	1.8	0.000603737
1.84115	1.8	0.000697893
1.84197	1.8	0.000793325
1.84274	1.8	0.000888868
1.84376	1.8	0.000984308
1.84496	1.8	0.00107948
1.84616	1.8	0.00115482
1.8472	1.8	0.00124968
1.84837	1.8	0.00132539
1.84958	1.8	0.00142005
1.85121	1.8	0.00151445
1.85198	1.8	0.00158781
1.85298	1.8	0.0016996
1.85425	1.8	0.00179027
1.85572	1.8	0.00185769
1.85668	1.8	0.00194403
1.8579	1.8	0.00202937
1.85891	1.8	0.00211253
1.8601	1.8	0.00221498
1.86131	1.8	0.0022712
1.86224	1.8	0.0023687
1.86313	1.8	0.00244205
1.86431	1.8	0.00251179
1.86523	1.8	0.00257897
1.86598	1.8	0.00264358
1.86706	1.8	0.00270555
1.86825	1.8	0.00276484
1.86935	1.8	0.00282138
1.87058	1.8	0.00287514
1.8716	1.8	0.00292608
1.87283	1.8	0.00297416
1.87394	1.8	0.0029921
1.87521	1.8	0.00303434
1.8763	1.8	0.003075
1.87747	1.8	0.00311268
1.87873	1.8	0.00314732
1.87979	1.8	0.00317895
1.88102	1.8	0.00323745
1.88211	1.8	0.00329362
1.88342	1.8	0.00328431
1.88477	1.8	0.00330142
1.88617	1.8	0.00334926
1.88757	1.8	0.00336287
1.8887	1.8	0.00337222
1.88979	1.8	0.00337897
1.89082	1.8	0.00338324
1.89186	1.8	0.00338506
1.89301	1.8	0.00338449
1.89415	1.8	0.00334671
1.89536	1.8	0.00334112
1.89636	1.8	0.00333504
1.89768	1.8	0.00329109
1.89884	1.8	0.00328014
1.89996	1.8	0.00326884
1.90098	1.8	0.00321907
1.90197	1.8	0.00320315
1.903	1.8	0.0031871
1.90413	1.8	0.00316911
1.90539	1.8	0.00311196
1.90636	1.8	0.00308988
1.90743	1.8	0.00306804
1.90861	1.8	0.00304462
1.90958	1.8	0.00298172
1.91067	1.8	0.00295491
1.91171	1.8	0.00292873
1.91281	1.8	0.00286318
1.9137	1.8	0.00283421
1.9148	1.8	0.00284424
1.91628	1.8	0.00277732
1.91772	1.8	0.00274534
1.91862	1.8	0.00271452
1.91957	1.8	0.00272152
1.92067	1.8	0.00268977
1.9218	1.8	0.00261666
1.92302	1.8	0.00258172
1.92407	1.8	0.00254861
1.92515	1.8	0.00247688
1.92623	1.8	0.00244324
1.92714	1.8	0.00241153
1.92817	1.8	0.00237982
1.92935	1.8	0.00234808
1.93026	1.8	0.00227849
1.93142	1.8	0.00224678
1.9327	1.8	0.00221729
1.9337	1.8	0.00215078
1.93476	1.8	0.00212168
1.93592	1.8	0.00209487
1.93698	1.8	0.00203183
1.93812	1.8	0.00200566
1.93915	1.8	0.00198185
1.94039	1.8	0.00195852
1.94161	1.8	0.00189989
1.94274	1.8	0.00187748
1.94401	1.8	0.00185754
1.94544	1.8	0.00180327
1.94655	1.8	0.00178451
1.94767	1.8	0.00176823
1.94888	1.8	0.00175261
1.94977	1.8	0.00173759
1.95067	1.8	0.00172324
1.95185	1.8	0.0017096
1.95294	1.8	0.0016967
1.95404	1.8	0.00168459
1.95506	1.8	0.00167328
1.95605	1.8	0.00169561
1.95712	1.8	0.00165327
1.95817	1.8	0.00164277
1.95919	1.8	0.00163489
1.96016	1.8	0.00162796
1.96122	1.8	0.00162189
1.96233	1.8	0.00158515
1.96325	1.8	0.00158092
1.96409	1.8	0.00157918
1.96506	1.8	0.00157822
1.96616	1.8	0.00157794
1.96735	1.8	0.00154809
1.96844	1.8	0.00154933
1.96938	1.8	0.00155283
1.97066	1.8	0.00152752
1.9718	1.8	0.00156159
1.97289	1.8	0.0015394
1.97421	1.8	0.00154517
1.97526	1.8	0.00155289
1.97641	1.8	0.00156105
1.97754	1.8	0.00154127
1.97857	1.8	0.00155032
1.97973	1.8	0.00156122
1.98083	1.8	0.0015724
1.98171	1.8	0.0015562
1.98277	1.8	0.00156793
1.98383	1.8	0.00158131
1.98475	1.8	0.00159481
1.98577	1.8	0.00160834
1.98683	1.8	0.00159511
1.98788	1.8	0.00160887
1.98892	1.8	0.00162408
1.99013	1.8	0.00163924
1.99116	1.8	0.00162787
1.9922	1.8	0.00164294
1.99327	1.8	0.00165927
1.99428	1.8	0.00167542
1.99531	1.8	0.00169128
1.9968	1.8	0.00168087
1.99812	1.8	0.00169633
1.99906	1.8	0.00171291
1.99989	1.8	0.0017549
2.00089	1.8	0.00177059
2.00201	1.8	0.00178449
2.00314	1.8	0.00177203
2.00406	1.8	0.0017854
2.00506	1.8	0.00179986
2.00611	1.8	0.00181393
2.0072	1.8	0.00182754
2.00831	1.8	0.0018149
2.00932	1.8	0.00182766
2.01032	1.8	0.00184132
2.0113	1.8	0.00185445
2.01257	1.8	0.00186698
2.01382	1.8	0.00185319
2.01477	1.8	0.00186458
2.01571	1.8	0.00187676
2.01684	1.8	0.00188831
2.01796	1.8	0.00187351
2.01914	1.8	0.00188371
2.01993	1.8	0.00189463
2.02078	1.8	0.00190485
2.02175	1.8	0.00191431
2.02282	1.8	0.00192303
2.02386	1.8	0.00190525
2.02492	1.8	0.00191257
2.02602	1.8	0.00192061
2.0273	1.8	0.00192795
2.02818	1.8	0.00190873
2.02905	1.8	0.00191457
2.03005	1.8	0.00192111
2.03116	1.8	0.00192692
2.0322	1.8	0.00193196
2.03325	1.8	0.00193625
2.03431	1.8	0.00191388
2.03541	1.8	0.00191677
2.03627	1.8	0.00192041
2.03713	1.8	0.00192339
2.03811	1.8	0.00192565
2.03924	1.8	0.00192723
2.04039	1.8	0.00190211
2.04163	1.8	0.00190239
2.0427	1.8	0.00190351
2.04374	1.8	0.00190403
2.04483	1.8	0.0019039
2.04578	1.8	0.00187712
2.04675	1.8	0.00187576
2.04779	1.8	0.0018753
2.04893	1.8	0.00187428
2.05009	1.8	0.00187268
2.0511	1.8	0.00184454
2.05224	1.8	0.00184182
2.05343	1.8	0.00184005
2.05429	1.8	0.00181198
2.05521	1.8	0.00180916
2.05609	1.8	0.00180729
2.05714	1.8	0.00183059
2.05821	1.8	0.00180208
2.05918	1.8	0.00179732
2.0604	1.8	0.00181929
2.0616	1.8	0.00181527
2.06277	1.8	0.00180947
2.06384	1.8	0.00180335
2.06495	1.8	0.00177112
2.06599	1.8	0.00176459
2.06713	1.8	0.00175933
2.0683	1.8	0.00175389
2.06933	1.8	0.00172263
2.07034	1.8	0.0017167
2.07137	1.8	0.00171198
2.0724	1.8	0.00170707
2.07381	1.8	0.0017019
2.07526	1.8	0.00167129
2.07627	1.8	0.00166569
2.07741	1.8	0.00168625
2.07834	1.8	0.00168174
2.07944	1.8	0.00167562
2.08054	1.8	0.00164427
2.08161	1.8	0.00163792
2.0828	1.8	0.00163294
2.08399	1.8	0.00162791
2.08487	1.8	0.00159813
2.08583	1.8	0.00159289
2.08691	1.8	0.00158896
2.08792	1.8	0.00158496
2.08922	1.8	0.00158083
2.09037	1.8	0.00157659
2.09157	1.8	0.00157227
2.09261	1.8	0.0015679
2.09374	1.8	0.00156349
2.09541	1.8	0.00153508
2.09676	1.8	0.00153068
2.09793	1.8	0.00152763
2.09904	1.8	0.00152459
2.10017	1.8	0.00152148
2.10129	1.8	0.00149485
2.1024	1.8	0.0014917
2.10342	1.8	0.00148986
2.10454	1.8	0.001488
2.10571	1.8	0.00146302
2.10662	1.8	0.00146106
2.10786	1.8	0.00146035
2.10894	1.8	0.00143693
2.10988	1.8	0.00145872
2.11068	1.8	0.00145905
2.11168	1.8	0.00145801
2.11292	1.8	0.00145686
2.11433	1.8	0.0014557
2.11562	1.8	0.00143215
2.11675	1.8	0.00143104
2.11772	1.8	0.00143121
2.11868	1.8	0.00143137
2.11973	1.8	0.00143145
2.12089	1.8	0.00143148
2.12211	1.8	0.00140961
2.12316	1.8	0.0014096
2.12418	1.8	0.0014108
2.1252	1.8	0.00139048
2.1263	1.8	0.00139156
2.1275	1.8	0.00139377
2.12861	1.8	0.00139586
2.1297	1.8	0.00139778
2.13076	1.8	0.00139954
2.13167	1.8	0.00140118
2.13296	1.8	0.00142373
2.13384	1.8	0.00140409
2.13489	1.8	0.00142536
2.13603	1.8	0.00140564
2.1372	1.8	0.00140567
2.13835	1.8	0.00140683
2.13921	1.8	0.00138722
2.14022	1.8	0.00138833
2.14125	1.8	0.00139052
2.14218	1.8	0.00139261
2.14309	1.8	0.00139451
2.14411	1.8	0.00139625
2.14519	1.8	0.00137748
2.14648	1.8	0.00137895
2.14765	1.8	0.00138144
2.14868	1.8	0.00138377
2.14972	1.8	0.00136584
2.15067	1.8	0.00136778
2.15173	1.8	0.00137066
2.15288	1.8	0.00137333
2.1541	1.8	0.00137573
2.15523	1.8	0.00135812
2.15639	1.8	0.00136007
2.15742	1.8	0.00136294
2.15858	1.8	0.00136557
2.15973	1.8	0.00136791
2.1609	1.8	0.00135048
2.16176	1.8	0.00135234
2.16276	1.8	0.00135508
2.16375	1.8	0.00135756
2.1648	1.8	0.00134048
2.16607	1.8	0.00134242
2.16715	1.8	0.0013452
2.16816	1.8	0.0013477
2.16916	1.8	0.00134989
2.17028	1.8	0.00133272
2.17134	1.8	0.00133435
2.17253	1.8	0.00133681
2.17405	1.8	0.00133901
2.17517	1.8	0.00132203
2.17628	1.8	0.00132363
2.17735	1.8	0.00132603
2.17819	1.8	0.00132815
2.17913	1.8	0.00132994
2.18014	1.8	0.00131277
2.18103	1.8	0.00131397
2.1819	1.8	0.00131599
2.18289	1.8	0.00131773
2.18398	1.8	0.00131915
2.18505	1.8	0.00132027
2.18614	1.8	0.00132111
2.18713	1.8	0.00130325
2.18822	1.8	0.0013036
2.18934	1.8	0.00132304
2.19058	1.8	0.00132397
2.19155	1.8	0.00132356
2.19264	1.8	0.0013229
2.19369	1.8	0.00132207
2.1947	1.8	0.00130273
2.19564	1.8	0.0013016
2.19677	1.8	0.00130139
2.19795	1.8	0.001301
2.19908	1.8	0.00128231
2.20002	1.8	0.00128149
2.20097	1.8	0.00128153
2.20201	1.8	0.00128136
2.20286	1.8	0.00128092
2.20402	1.8	0.00128025
2.20537	1.8	0.00126151
2.20652	1.8	0.00126041
2.20766	1.8	0.00126016
2.2087	1.8	0.0012421
2.20981	1.8	0.00124141
2.21094	1.8	0.00124151
2.2119	1.8	0.00124138
2.21299	1.8	0.00124098
2.21407	1.8	0.00122294
2.21497	1.8	0.00122206
2.21604	1.8	0.001222
2.21719	1.8	0.00122173
2.21828	1.8	0.0012212
2.21944	1.8	0.00120329
2.22042	1.8	0.00120234
2.22165	1.8	0.0012022
2.22278	1.8	0.00120187
2.2237	1.8	0.00118439
2.22464	1.8	0.00118362
2.2258	1.8	0.00118366
2.22689	1.8	0.0011835
2.22797	1.8	0.0011831
2.22928	1.8	0.00116582
2.2303	1.8	0.00116504
2.23139	1.8	0.00116506
2.23247	1.8	0.00116492
2.23345	1.8	0.00116455
2.23438	1.8	0.00118043
2.23542	1.8	0.00116327
2.23633	1.8	0.00116141
2.23737	1.8	0.0011604
2.23831	1.8	0.00115931
2.23956	1.8	0.00115811
2.24076	1.8	0.00114052
2.2418	1.8	0.00113911
2.24295	1.8	0.00113858
2.24407	1.8	0.00112193
2.24504	1.8	0.00112115
2.24617	1.8	0.00112117
2.24714	1.8	0.00110528
2.24818	1.8	0.00110499
2.24927	1.8	0.00110546
2.25022	1.8	0.00110576
2.25114	1.8	0.00110585
2.25225	1.8	0.00110576
2.25331	1.8	0.00108997
2.25459	1.8	0.00108957
2.25559	1.8	0.00108996
2.25658	1.8	0.00109021
2.25765	1.8	0.00109027
2.25887	1.8	0.00109016
2.26006	1.8	0.00108991
2.26105	1.8	0.00108952
2.26201	1.8	0.00108901
2.26325	1.8	0.00107324
2.2645	1.8	0.00107255
2.26565	1.8	0.00107266
2.26651	1.8	0.00107267
2.26768	1.8	0.00105764
2.2687	1.8	0.00105739
2.26978	1.8	0.0010579
2.27083	1.8	0.00105827
2.2719	1.8	0.00104382
2.27293	1.8	0.00104388
2.27387	1.8	0.00104467
2.2749	1.8	0.00104531
2.27584	1.8	0.00104576
2.27698	1.8	0.00104603
2.27805	1.8	0.00104615
2.27895	1.8	0.00104612
2.27993	1.8	0.00104596
2.28105	1.8	0.00104568
2.28209	1.8	0.001031
2.28309	1.8	0.00103053
2.28417	1.8	0.00103082
2.28521	1.8	0.001031
2.28635	1.8	0.00101699
2.28734	1.8	0.00101689
2.28847	1.8	0.00101751
2.28956	1.8	0.00101799
2.29051	1.8	0.00101829
2.29162	1.8	0.00101842
2.29275	1.8	0.00100462
2.2939	1.8	0.00100448
2.29485	1.8	0.00100504
2.2959	1.8	0.00100546
2.29707	1.8	0.00099214
2.29819	1.8	0.000992241
2.29915	1.8	0.000993009
2.30019	1.8	0.000993619
2.3012	1.8	0.000994037
2.30224	1.8	0.000994275
2.30317	1.8	0.000981011
2.30419	1.8	0.000980954
2.30539	1.8	0.000981565
2.30667	1.8	0.000982029
2.30771	1.8	0.000969179
2.30856	1.8	0.000982426
2.30968	1.8	0.000970203
2.31075	1.8	0.000970012
2.31188	1.8	0.000970429
2.31291	1.8	0.000970711
2.31393	1.8	0.000957918
2.31504	1.8	0.000957889
2.31616	1.8	0.000958495
2.31709	1.8	0.00095895
2.31797	1.8	0.000959217
2.31904	1.8	0.000959311
2.32007	1.8	0.000946563
2.32118	1.8	0.000946368
2.32246	1.8	0.000946807
2.3236	1.8	0.000934609
2.32459	1.8	0.000934744
2.32573	1.8	0.000935472
2.32683	1.8	0.000936031
2.3279	1.8	0.000936391
2.32895	1.8	0.000936565
2.33006	1.8	0.000924277
2.3312	1.8	0.000924144
2.33217	1.8	0.000924617
2.33331	1.8	0.000924943
2.33464	1.8	0.000912983
2.33572	1.8	0.000912975
2.33693	1.8	0.000913551
2.33801	1.8	0.00091397
2.33907	1.8	0.000902274
2.34025	1.8	0.000902344
2.34134	1.8	0.000902983
2.34236	1.8	0.000903461
2.34319	1.8	0.000903746
2.34433	1.8	0.000903854
2.3458	1.8	0.000892068
2.34702	1.8	0.000891882
2.34809	1.8	0.000892277
2.34896	1.8	0.000892531
2.35022	1.8	0.000892613
2.3512	1.8	0.000892534
2.35236	1.8	0.000903839
2.35353	1.8	0.000891948
2.35449	1.8	0.000890757
2.3555	1.8	0.000890171
2.35652	1.8	0.00088952
2.35764	1.8	0.000888765
2.35874	1.8	0.000876513
2.35967	1.8	0.00087558
2.36072	1.8	0.000875259
2.36179	1.8	0.00087484
2.36293	1.8	0.000874287
2.36397	1.8	0.000862435
2.365	1.8	0.000861654
2.36614	1.8	0.000861454
2.36738	1.8	0.00086114
2.36829	1.8	0.000849698
2.36934	1.8	0.00086008
2.37046	1.8	0.000849197
2.37134	1.8	0.000848359
2.37224	1.8	0.000848046
2.37323	1.8	0.000847626
2.37438	1.8	0.000836304
2.37543	1.8	0.000835635
2.37633	1.8	0.000835516
2.37729	1.8	0.000835277
2.37821	1.8	0.00083489
2.37934	1.8	0.000823794
2.38038	1.8	0.000823157
2.38173	1.8	0.00082306
2.38314	1.8	0.000822846
2.38424	1.8	0.000822486
2.38538	1.8	0.000811614
2.38653	1.8	0.00081101
2.38747	1.8	0.000810939
2.38839	1.8	0.000810753
2.38948	1.8	0.000810425
2.39063	1.8	0.000809966
2.39178	1.8	0.000799219
2.39265	1.8	0.000798548
2.39366	1.8	0.000798408
2.39486	1.8	0.000798167
2.39595	1.8	0.000797794
2.39717	1.8	0.00078733
2.39839	1.8	0.00078674
2.39955	1.8	0.000776845
2.40048	1.8	0.000786488
2.40134	1.8	0.000786792
2.40235	1.8	0.000786353
2.40339	1.8	0.000776001
2.40444	1.8	0.000785082
2.40564	1.8	0.000775296
2.40669	1.8	0.000774453
2.40774	1.8	0.000774103
2.40881	1.8	0.000773677
2.40987	1.8	0.000763607
2.41086	1.8	0.000762996
2.41176	1.8	0.000762893
2.41279	1.8	0.000762697
2.41402	1.8	0.00076238
2.415	1.8	0.000761951
2.4161	1.8	0.00076142
2.4171	1.8	0.000760797
2.41819	1.8	0.00076009
2.41933	1.8	0.000759306
2.42042	1.8	0.000749204
2.4214	1.8	0.000748299
2.42241	1.8	0.000747909
2.42343	1.8	0.000747451
2.42437	1.8	0.000746893
2.42544	1.8	0.000746243
2.42667	1.8	0.000746943
2.42753	1.8	0.000735689
2.4286	1.8	0.000734729
2.42976	1.8	0.000734357
2.4309	1.8	0.000733918
2.43189	1.8	0.000724563
2.43285	1.8	0.000723938
2.43423	1.8	0.000723779
2.43487	1.8	0.000723528
2.43567	1.8	0.00072316
2.43626	1.8	0.000714052
2.437	1.8	0.000722105
2.43762	1.8	0.000713475
2.43846	1.8	0.000712731
2.43924	1.8	0.000729374
