0.044967	-5	0
0.045375	-5	0
0.046381	-5	0
0.046576	-5	0
0.047026	-5	0
0.047341	-5	0
0.047669	-5	0
0.048416	-5	0
0.048604	-5	0
0.049086	-5	0
0.049429	-5	0
0.049749	-5	0
0.049939	-5	0
0.050245	-5	0
0.051037	-5	0
0.051311	-5	0
0.051572	-5	0
0.051919	-5	0
0.052252	-5	0
0.052425	-5	0
0.052715	-5	0
0.053411	-5	0
0.053877	-5	0
0.054172	-5	0
0.054431	-5	0
0.054722	-5	0
0.054956	-5	0
0.055254	-5	0
0.055599	-5	0
0.056324	-5	0
0.056769	-5	0
0.057076	-5	0
0.057337	-5	0
0.057603	-5	0
0.057904	-5	0
0.058234	-5	0
0.05849	-5	0
0.059237	-5	0
0.059647	-5	0
0.059969	-5	0
0.060316	-5	0
0.060554	-5	0
0.06089	-5	0
0.061228	-5	0
0.061501	-5	0
0.062339	-5	0
0.062791	-5	0
0.063107	-5	0
0.063287	-5	0
0.063568	-5	0
0.063866	-5	0
0.064185	-5	0
0.064456	-5	0
0.06543	-5	0
0.065734	-5	0
0.066073	-5	0
0.06631	-5	0
0.066655	-5	0
0.066995	-5	0
0.067176	-5	0
0.067523	-5	0
0.068344	-5	0
0.068677	-5	0
0.068958	-5	0
0.069244	-5	0
0.069527	-5	0
0.069827	-5	0
0.070099	-5	0
0.070309	-5	0
0.071136	-5	0
0.071458	-5	0
0.071785	-5	0
0.072003	-5	0
0.07233	-5	0
0.07257	-5	0
0.072913	-5	0
0.073402	-5	0
0.07406	-5	0
0.074431	-5	0
0.074708	-5	0
0.075008	-5	0
0.075268	-5	0
0.075576	-5	0
0.075821	-5	0
0.076648	-5	0
0.077076	-5	0
0.077471	-5	0
0.077743	-5	0
0.078011	-5	0
0.078293	-5	0
0.078596	-5	0
0.078841	-5	0
0.079971	-5	0
0.080242	-5	0
0.080485	-5	0
0.08082	-5	0
0.081062	-5	0
0.081408	-5	0
0.081677	-5	0
0.081955	-5	0
0.082942	-5	0
0.083151	-5	0
0.083393	-5	0
0.083735	-5	0
0.084071	-5	0
0.084283	-5	0
0.08466	-5	0
0.085053	-5	0
0.085873	-5	0
0.086077	-5	0
0.086446	-5	0
0.086625	-5	0
0.086963	-5	0
0.08729	-5	0
0.087623	-5	0
0.088349	-5	0
0.088834	-5	0
0.089161	-5	0
0.089399	-5	0
0.089741	-5	0
0.090078	-5	0
0.09026	-5	0
0.090676	-5	0
0.091673	-5	0
0.091957	-5	0
0.092308	-5	0
0.092613	-5	0
0.092854	-5	0
0.093195	-5	0
0.093501	-5	0
0.093849	-5	0
0.094692	-5	0
0.094991	-5	0
0.095235	-5	0
0.095581	-5	0
0.095899	-5	0
0.096175	-5	0
0.096449	-5	0
0.096684	-5	0
0.097503	-5	0
0.097787	-5	0
0.09806	-5	0
0.098338	-5	0
0.098618	-5	0
0.098888	-5	0
0.099233	-5	0
0.100069	-5	0
0.10054	-5	0
0.100819	-5	0
0.101104	-5	0
0.101394	-5	0
0.101675	-5	0
0.102006	-5	0
0.10233	-5	0
0.102832	-5	0
0.103574	-5	0
0.10386	-5	0
0.104039	-5	0
0.104392	-5	0
0.104725	-5	0
0.104906	-5	0
0.105253	-5	0
0.105616	-5	0
0.106453	-5	0
0.106783	-5	0
0.107108	-5	0
0.107315	-5	0
0.10756	-5	0
0.107946	-5	0
0.108219	-5	0
0.10863	-5	0
0.109273	-5	0
0.109488	-5	0
0.109736	-5	0
0.110021	-5	0
0.110285	-5	0
0.11061	-5	0
0.110931	-5	0
0.111724	-5	0
0.11208	-5	0
0.112349	-5	0
0.112521	-5	0
0.11279	-5	0
0.113092	-5	0
0.113412	-5	0
0.113617	-5	0
0.114714	-5	0
0.114944	-5	0
0.115249	-5	0
0.115578	-5	0
0.115907	-5	0
0.11617	-5	0
0.116416	-5	0
0.116783	-5	0
0.11766	-5	0
0.117927	-5	0
0.118191	-5	0
0.118518	-5	0
0.118749	-5	0
0.119084	-5	0
0.119342	-5	0
0.119758	-5	0
0.120383	-5	0
0.120703	-5	0
0.121034	-5	0
0.1213	-5	0
0.121621	-5	0
0.12197	-5	0
0.122153	-5	0
0.12276	-5	0
0.123442	-5	0
0.123721	-5	0
0.124001	-5	0
0.124181	-5	0
0.124525	-5	0
0.124837	-5	0
0.125148	-5	0
0.125878	-5	0
0.126417	-5	0
0.126781	-5	0
0.12712	-5	0
0.127542	-5	0
0.127922	-5	0
0.128193	-5	0
0.128519	-5	0
0.129489	-5	0
0.130112	-5	0
0.130364	-5	0
0.130733	-5	0
0.131054	-5	0
0.131375	-5	0
0.131695	-5	0
0.132046	-5	0
0.132999	-5	0
0.133286	-5	0
0.133546	-5	0
0.133811	-5	0
0.134156	-5	0
0.134487	-5	0
0.134779	-5	0
0.135135	-5	0
0.136307	-5	0
0.136717	-5	0
0.137057	-5	0
0.137349	-5	0
0.137707	-5	0
0.138082	-5	0
0.138373	-5	0
0.138678	-5	0
0.139465	-5	0
0.140134	-5	0
0.140413	-5	0
0.140727	-5	0
0.141128	-5	0
0.141335	-5	0
0.141603	-5	0
0.141901	-5	0
0.142867	-5	0
0.143195	-5	0
0.143488	-5	0
0.143772	-5	0
0.143983	-5	0
0.14429	-5	0
0.144621	-5	0
0.144949	-5	0
0.145892	-5	0
0.146251	-5	0
0.146615	-5	0
0.146933	-5	0
0.147291	-5	0
0.147657	-5	0
0.147952	-5	0
0.148259	-5	0
0.148984	-5	0
0.149638	-5	0
0.14991	-5	0
0.150133	-5	0
0.150443	-5	0
0.150779	-5	0
0.151055	-5	0
0.151314	-5	0
0.152102	-5	0
0.152479	-5	0
0.152774	-5	0
0.153044	-5	0
0.153369	-5	0
0.153736	-5	0
0.154038	-5	0
0.154344	-5	0
0.15529	-5	0
0.155618	-5	0
0.155909	-5	0
0.156231	-5	0
0.156579	-5	0
0.156945	-5	0
0.157245	-5	0
0.15754	-5	0
0.158193	-5	0
0.158955	-5	0
0.159237	-5	0
0.159514	-5	0
0.1598	-5	0
0.160086	-5	0
0.160267	-5	0
0.1606	-5	0
0.161477	-5	0
0.162039	-5	0
0.162329	-5	0
0.162612	-5	0
0.16294	-5	0
0.163264	-5	0
0.163567	-5	0
0.163935	-5	0
0.164495	-5	0
0.165268	-5	0
0.16555	-5	0
0.165814	-5	0
0.166169	-5	0
0.166435	-5	0
0.166782	-5	0
0.167021	-5	0
0.167549	-5	0
0.168668	-5	0
0.168947	-5	0
0.169209	-5	0
0.169433	-5	0
0.169624	-5	0
0.169913	-5	0
0.170304	-5	0
0.170628	-5	0
0.171517	-5	0
0.171817	-5	0
0.172132	-5	0
0.172463	-5	0
0.172646	-5	0
0.172939	-5	0
0.173288	-5	0
0.173647	-5	0
0.174346	-5	0
0.174534	-5	0
0.174823	-5	0
0.175149	-5	0
0.175459	-5	0
0.175663	-5	0
0.175936	-5	0
0.176215	-5	0
0.17708	-5	0
0.177412	-5	0
0.17769	-5	0
0.177964	-5	0
0.178284	-5	0
0.178555	-5	0
0.178819	-5	0
0.179163	-5	0
0.179861	-5	0
0.180133	-5	0
0.180405	-5	0
0.180675	-5	0
0.180969	-5	0
0.181239	-5	0
0.181512	-5	0
0.182107	-5	0
0.182661	-5	0
0.182923	-5	0
0.183197	-5	0
0.183473	-5	0
0.183746	-5	0
0.18402	-5	0
0.184291	-5	0
0.185166	-5	0
0.18564	-5	0
0.185946	-5	0
0.186374	-5	0
0.186787	-5	0
0.187117	-5	0
0.187419	-5	0
0.187685	-5	0
0.18839	-5	0
0.18913	-5	0
0.189448	-5	0
0.189729	-5	0
0.190011	-5	0
0.190323	-5	0
0.190597	-5	0
0.1908	-5	0
0.191304	-5	0
0.192061	-5	0
0.192399	-5	0
0.192753	-5	0
0.19308	-5	0
0.19333	-5	0
0.193681	-5	0
0.194013	-5	0
0.194461	-5	0
0.195472	-5	0
0.195781	-5	0
0.196083	-5	0
0.19639	-5	0
0.196656	-5	0
0.196862	-5	0
0.197274	-5	0
0.197809	-5	0
0.198624	-5	0
0.198959	-5	0
0.199215	-5	0
0.199461	-5	0
0.199765	-5	0
0.200092	-5	0
0.20042	-5	0
0.200942	-5	0
0.201874	-5	0
0.202161	-5	0
0.202505	-5	0
0.202737	-5	0
0.203037	-5	0
0.203337	-5	0
0.203646	-5	0
0.204031	-5	0
0.205079	-5	0
0.205365	-5	0
0.20568	-5	0
0.205782	-5	0
0.206075	-5	0
0.206341	-5	0
0.206563	-5	0
0.206741	-5	0
0.208281	-5	0
0.208749	-5	0
0.209061	-5	0
0.209376	-5	0
0.209669	-5	0
0.209962	-5	0
0.210305	-5	0
0.210652	-5	0
0.211531	-5	0
0.211866	-5	0
0.212181	-5	0
0.21247	-5	0
0.212777	-5	0
0.213007	-5	0
0.213233	-5	0
0.213564	-5	0
0.214686	-5	0
0.21495	-5	0
0.215185	-5	0
0.215505	-5	0
0.215803	-5	0
0.216129	-5	0
0.216399	-5	0
0.216688	-5	0
0.21767	-5	0
0.218043	-5	0
0.218346	-5	0
0.218672	-5	0
0.219014	-5	0
0.219306	-5	0
0.21964	-5	0
0.219973	-5	0
0.220792	-5	0
0.221086	-5	0
0.221391	-5	0
0.221753	-5	0
0.22209	-5	0
0.222418	-5	0
0.222745	-5	0
0.223064	-5	0
0.223754	-5	0
0.224088	-5	0
0.224315	-5	0
0.224595	-5	0
0.224899	-5	0
0.225221	-5	0
0.225539	-5	0
0.22582	-5	0
0.226592	-5	0
0.226878	-5	0
0.227147	-5	0
0.227444	-5	0
0.227741	-5	0
0.228044	-5	0
0.228333	-5	0
0.228766	-5	0
0.229747	-5	0
0.229941	-5	0
0.230104	-5	0
0.230383	-5	0
0.230698	-5	0
0.230986	-5	0
0.23133	-5	0
0.231896	-5	0
0.232586	-5	0
0.232878	-5	0
0.233166	-5	0
0.233492	-5	0
0.233684	-5	0
0.233992	-5	0
0.234313	-5	0
0.234727	-5	0
0.23556	-5	0
0.235834	-5	0
0.236107	-5	0
0.236391	-5	0
0.23671	-5	0
0.237006	-5	0
0.237289	-5	0
0.237585	-5	0
0.238418	-5	0
0.23863	-5	0
0.238882	-5	0
0.239293	-5	0
0.239619	-5	0
0.239935	-5	0
0.24032	-5	0
0.240751	-5	0
0.241533	-5	0
0.241826	-5	0
0.242131	-5	0
0.242441	-5	0
0.242663	-5	0
0.24301	-5	0
0.243339	-5	0
0.243677	-5	0
0.244537	-5	0
0.244716	-5	0
0.244998	-5	0
0.245335	-5	0
0.245695	-5	0
0.246007	-5	0
0.246193	-5	0
0.247058	-5	0
0.247534	-5	0
0.247751	-5	0
0.248079	-5	0
0.248359	-5	0
0.248726	-5	0
0.249019	-5	0
0.249364	-5	0
0.250181	-5	0
0.251053	-5	0
0.251384	-5	0
0.2517	-5	0
0.252032	-5	0
0.252389	-5	0
0.252758	-5	0
0.252942	-5	0
0.253356	-5	0
0.254384	-5	0
0.254746	-5	0
0.254991	-5	0
0.255272	-5	0
0.255557	-5	0
0.25583	-5	0
0.256086	-5	0
0.256759	-5	0
0.2574	-5	0
0.257671	-5	0
0.25796	-5	0
0.258262	-5	0
0.258589	-5	0
0.258864	-5	0
0.2591	-5	0
0.260034	-5	0
0.260365	-5	0
0.260664	-5	0
0.260997	-5	0
0.261302	-5	0
0.261637	-5	0
0.261943	-5	0
0.262133	-5	0
0.263272	-5	0
0.263712	-5	0
0.264008	-5	0
0.264288	-5	0
0.264574	-5	0
0.26479	-5	0
0.265089	-5	0
0.265467	-5	0
0.266248	-5	0
0.266682	-5	0
0.266993	-5	0
0.267319	-5	0
0.267642	-5	0
0.26793	-5	0
0.268221	-5	0
0.268398	-5	0
0.26895	-5	0
0.269517	-5	0
0.26982	-5	0
0.270098	-5	0
0.27044	-5	0
0.270793	-5	0
0.27117	-5	0
0.27148	-5	0
0.272063	-5	0
0.272557	-5	0
0.272848	-5	0
0.273138	-5	0
0.273487	-5	0
0.273865	-5	0
0.2742	-5	0
0.274428	-5	0
0.275242	-5	0
0.275851	-5	0
0.27616	-5	0
0.276442	-5	0
0.276755	-5	0
0.277093	-5	0
0.277376	-5	0
0.277722	-5	0
0.278612	-5	0
0.278938	-5	0
0.279214	-5	0
0.279448	-5	0
0.279734	-5	0
0.280042	-5	0
0.280315	-5	0
0.280605	-5	0
0.281382	-5	0
0.281734	-5	0
0.282115	-5	0
0.282407	-5	0
0.282743	-5	0
0.283039	-5	0
0.283365	-5	0
0.28371	-5	0
0.283907	-5	0
0.284497	-5	0
0.284797	-5	0
0.285103	-5	0
0.28538	-5	0
0.285674	-5	0
0.286025	-5	0
0.286285	-5	0
0.287262	-5	0
0.287585	-5	0
0.287881	-5	0
0.28823	-5	0
0.288562	-5	0
0.288842	-5	0
0.289173	-5	0
0.2895	-5	0
0.290326	-5	0
0.290652	-5	0
0.290945	-5	0
0.291245	-5	0
0.291544	-5	0
0.291887	-5	0
0.292237	-5	0
0.292569	-5	0
0.293245	-5	0
0.293661	-5	0
0.293956	-5	0
0.29427	-5	0
0.294664	-5	0
0.294995	-5	0
0.295255	-5	0
0.295559	-5	0
0.296259	-5	0
0.296707	-5	0
0.297006	-5	0
0.297299	-5	0
0.297618	-5	0
0.297971	-5	0
0.298281	-5	0
0.298487	-5	0
0.299427	-5	0
0.29976	-5	0
0.30003	-5	0
0.300299	-5	0
0.300572	-5	0
0.300829	-5	0
0.301098	-5	0
0.3014	-5	0
0.302471	-5	0
0.302772	-5	0
0.303085	-5	0
0.303409	-5	0
0.303685	-5	0
0.303996	-5	0
0.304342	-5	0
0.304634	-5	0
0.305516	-5	0
0.305821	-5	0
0.306133	-5	0
0.306408	-5	0
0.306682	-5	0
0.306954	-5	0
0.30727	-5	0
0.30745	-5	0
0.308337	-5	0
0.308701	-5	0
0.308975	-5	0
0.309239	-5	0
0.309514	-5	0
0.309792	-5	0
0.310128	-5	0
0.310457	-5	0
0.311059	-5	0
0.311661	-5	0
0.311926	-5	0
0.312106	-5	0
0.312346	-5	0
0.312613	-5	0
0.312966	-5	0
0.313095	-5	0
0.313629	-5	0
0.314217	-5	0
0.314501	-5	0
0.314796	-5	0
0.315055	-5	0
0.315411	-5	0
0.315733	-5	0
0.315987	-5	0
0.316915	-5	0
0.317276	-5	0
0.317599	-5	0
0.31787	-5	0
0.318135	-5	0
0.318412	-5	0
0.318733	-5	0
0.31905	-5	0
0.319709	-5	0
0.320329	-5	0
0.320595	-5	0
0.320863	-5	0
0.32113	-5	0
0.321419	-5	0
0.321562	-5	0
0.321795	-5	0
0.322179	-5	0
0.323085	-5	0
0.323412	-5	0
0.323588	-5	0
0.323857	-5	0
0.324124	-5	0
0.324463	-5	0
0.324746	-5	0
0.32534	-5	0
0.326056	-5	0
0.326226	-5	0
0.326552	-5	0
0.326791	-5	0
0.327127	-5	0
0.327411	-5	0
0.327688	-5	0
0.328711	-5	0
0.328984	-5	0
0.329225	-5	0
0.329552	-5	0
0.329882	-5	0
0.330106	-5	0
0.330404	-5	0
0.330729	-5	0
0.331326	-5	0
0.331893	-5	0
0.332135	-5	0
0.332374	-5	0
0.332641	-5	0
0.332917	-5	0
0.33324	-5	0
0.333558	-5	0
0.334515	-5	0
0.334802	-5	0
0.335097	-5	0
0.335251	-5	0
0.335609	-5	0
0.335956	-5	0
0.336269	-5	0
0.336592	-5	0
0.337594	-5	0
0.337751	-5	0
0.337957	-5	0
0.338331	-5	0
0.338498	-5	0
0.338856	-5	0
0.33917	-5	0
0.339737	-5	0
0.340396	-5	0
0.340722	-5	0
0.340888	-5	0
0.341183	-5	0
0.341505	-5	0
0.341766	-5	0
0.342067	-5	0
0.342913	-5	0
0.343457	-5	0
0.343741	-5	0
0.344015	-5	0
0.344182	-5	0
0.344448	-5	0
0.34478	-5	0
0.345019	-5	0
0.345976	-5	0
0.346297	-5	0
0.346614	-5	0
0.346783	-5	0
0.34715	-5	0
0.347394	-5	0
0.347761	-5	0
0.348111	-5	0
0.348989	-5	0
0.349225	-5	0
0.349492	-5	0
0.349758	-5	0
0.350063	-5	0
0.350394	-5	0
0.350718	-5	0
0.351245	-5	0
0.35188	-5	0
0.352202	-5	0
0.352432	-5	0
0.352738	-5	0
0.353017	-5	0
0.353317	-5	0
0.353588	-5	0
0.354661	-5	0
0.35493	-5	0
0.355187	-5	0
0.355441	-5	0
0.355729	-5	0
0.356021	-5	0
0.356295	-5	0
0.35667	-5	0
0.357265	-5	0
0.35775	-5	0
0.357943	-5	0
0.358171	-5	0
0.358475	-5	0
0.358759	-5	0
0.359072	-5	0
0.359354	-5	0
0.360262	-5	0
0.360565	-5	0
0.360885	-5	0
0.361058	-5	0
0.361362	-5	0
0.361712	-5	0
0.36195	-5	0
0.362336	-5	0
0.363142	-5	0
0.36353	-5	0
0.363762	-5	0
0.363999	-5	0
0.36431	-5	0
0.364622	-5	0
0.364887	-5	0
0.365812	-5	0
0.366302	-5	0
0.366625	-5	0
0.36679	-5	0
0.367117	-5	0
0.367389	-5	0
0.367697	-5	0
0.367929	-5	0
0.368939	-5	0
0.369232	-5	0
0.369457	-5	0
0.369749	-5	0
0.370026	-5	0
0.370303	-5	0
0.370584	-5	0
0.370988	-5	0
0.371735	-5	0
0.372013	-5	0
0.372284	-5	0
0.372549	-5	0
0.372845	-5	0
0.373159	-5	0
0.373448	-5	0
0.373592	-5	0
0.374605	-5	0
0.37473	-5	0
0.375096	-5	0
0.375354	-5	0
0.375479	-5	0
0.375835	-5	0
0.376226	-5	0
0.376731	-5	0
0.377538	-5	0
0.377812	-5	0
0.377991	-5	0
0.378246	-5	0
0.3784	-5	0
0.378731	-5	0
0.379141	-5	0
0.37974	-5	0
0.380301	-5	0
0.380498	-5	0
0.380818	-5	0
0.38099	-5	0
0.38133	-5	0
0.381643	-5	0
0.381925	-5	0
0.382935	-5	0
0.3832	-5	0
0.383446	-5	0
0.383767	-5	0
0.384027	-5	0
0.384342	-5	0
0.384698	-5	0
0.385015	-5	0
0.385608	-5	0
0.386085	-5	0
0.38634	-5	0
0.386493	-5	0
0.386729	-5	0
0.387001	-5	0
0.387298	-5	0
0.38763	-5	0
0.388529	-5	0
0.388866	-5	0
0.38918	-5	0
0.389505	-5	0
0.389787	-5	0
0.390077	-5	0
0.39037	-5	0
0.390697	-5	0
0.391584	-5	0
0.391916	-5	0
0.39218	-5	0
0.392446	-5	0
0.392718	-5	0
0.393011	-5	0
0.393335	-5	0
0.393626	-5	0
0.394217	-5	0
0.394722	-5	0
0.394987	-5	0
0.395254	-5	0
0.39551	-5	0
0.395763	-5	0
0.396044	-5	0
0.396317	-5	0
0.397252	-5	0
0.397508	-5	0
0.397765	-5	0
0.397918	-5	0
0.398154	-5	0
0.398482	-5	0
0.398844	-5	0
0.399144	-5	0
0.39995	-5	0
0.400232	-5	0
0.400476	-5	0
0.400772	-5	0
0.401094	-5	0
0.40143	-5	0
0.401753	-5	0
0.402066	-5	0
0.402707	-5	0
0.403126	-5	0
0.403365	-5	0
0.403566	-5	0
0.403866	-5	0
0.404107	-5	0
0.404428	-5	0
0.40471	-5	0
0.405757	-5	0
0.406043	-5	0
0.406316	-5	0
0.406592	-5	0
0.406907	-5	0
0.407184	-5	0
0.407496	-5	0
0.40782	-5	0
0.408644	-5	0
0.408975	-5	0
0.409271	-5	0
0.40958	-5	0
0.409815	-5	0
0.410153	-5	0
0.410464	-5	0
0.41102	-5	0
0.411609	-5	0
0.411872	-5	0
0.412138	-5	0
0.412416	-5	0
0.412772	-5	0
0.413077	-5	0
0.413366	-5	0
0.41371	-5	0
0.414522	-5	0
0.414869	-5	0
0.415037	-5	0
0.41529	-5	0
0.415416	-5	0
0.415786	-5	0
0.416167	-5	0
0.416921	-5	0
0.417425	-5	0
0.417781	-5	0
0.417965	-5	0
0.418281	-5	0
0.41862	-5	0
0.418931	-5	0
0.419173	-5	0
0.420342	-5	0
0.420435	-5	0
0.420765	-5	0
0.421056	-5	0
0.421249	-5	0
0.421495	-5	0
0.421781	-5	0
0.422087	-5	0
0.422961	-5	0
0.423266	-5	0
0.423587	-5	0
0.423766	-5	0
0.424054	-5	0
0.424388	-5	0
0.424621	-5	0
0.425675	-5	0
0.426023	-5	0
0.426348	-5	0
0.426513	-5	0
0.426816	-5	0
0.427126	-5	0
0.427409	-5	0
0.427688	-5	0
0.428593	-5	0
0.428919	-5	0
0.429161	-5	0
0.429463	-5	0
0.429736	-5	0
0.430032	-5	0
0.430343	-5	0
0.430668	-5	0
0.431456	-5	0
0.431754	-5	0
0.43201	-5	0
0.43232	-5	0
0.432586	-5	0
0.43287	-5	0
0.433236	-5	0
0.433505	-5	0
0.434573	-5	0
0.434879	-5	0
0.435179	-5	0
0.435477	-5	0
0.435629	-5	0
0.43596	-5	0
0.436356	-5	0
0.43652	-5	0
0.437501	-5	0
0.437866	-5	0
0.438034	-5	0
0.438349	-5	0
0.438628	-5	0
0.43894	-5	0
0.439228	-5	0
0.43996	-5	0
0.440471	-5	0
0.44083	-5	0
0.441097	-5	0
0.441268	-5	0
0.441605	-5	0
0.441886	-5	0
0.44221	-5	0
0.443076	-5	0
0.443563	-5	0
0.443833	-5	0
0.44411	-5	0
0.444384	-5	0
0.444559	-5	0
0.444865	-5	0
0.445183	-5	0
0.446153	-5	0
0.446475	-5	0
0.446788	-5	0
0.447109	-5	0
0.447381	-5	0
0.447561	-5	0
0.447873	-5	0
0.448273	-5	0
0.449241	-5	0
0.44951	-5	0
0.449778	-5	0
0.449948	-5	0
0.45029	-5	0
0.450615	-5	0
0.450947	-5	0
0.451282	-5	0
0.4521	-5	0
0.452388	-5	0
0.452711	-5	0
0.452878	-5	0
0.453186	-5	0
0.453532	-5	0
0.453805	-5	0
0.454164	-5	0
0.454877	-5	0
0.455203	-5	0
0.45537	-5	0
0.455676	-5	0
0.45601	-5	0
0.45628	-5	0
0.456615	-5	0
0.457167	-5	0
0.45774	-5	0
0.458004	-5	0
0.458277	-5	0
0.458541	-5	0
0.458815	-5	0
0.459098	-5	0
0.459421	-5	0
0.45984	-5	0
0.46066	-5	0
0.460926	-5	0
0.461196	-5	0
0.461465	-5	0
0.461711	-5	0
0.462025	-5	0
0.462351	-5	0
0.462764	-5	0
0.46349	-5	0
0.463751	-5	0
0.463976	-5	0
0.464283	-5	0
0.464617	-5	0
0.464867	-5	0
0.465185	-5	0
0.465519	-5	0
0.466364	-5	0
0.466535	-5	0
0.466864	-5	0
0.467175	-5	0
0.46752	-5	0
0.467832	-5	0
0.468015	-5	0
0.468944	-5	0
0.469357	-5	0
0.469623	-5	0
0.469893	-5	0
0.470158	-5	0
0.470462	-5	0
0.470756	-5	0
0.47104	-5	0
0.471505	-5	0
0.472235	-5	0
0.472502	-5	0
0.472748	-5	0
0.472981	-5	0
0.473295	-5	0
0.473612	-5	0
0.473949	-5	0
0.474601	-5	0
0.4751	-5	0
0.475372	-5	0
0.475683	-5	0
0.475911	-5	0
0.476222	-5	0
0.476562	-5	0
0.476719	-5	0
0.477508	-5	0
0.477963	-5	0
0.47823	-5	0
0.478499	-5	0
0.47878	-5	0
0.478958	-5	0
0.479303	-5	0
0.479628	-5	0
0.480537	-5	0
0.480865	-5	0
0.481136	-5	0
0.481461	-5	0
0.481782	-5	0
0.482024	-5	0
0.482343	-5	0
0.482678	-5	0
0.4835	-5	0
0.483827	-5	0
0.48417	-5	0
0.484427	-5	0
0.484688	-5	0
0.48496	-5	0
0.485201	-5	0
0.485544	-5	0
0.486431	-5	0
0.4867	-5	0
0.486998	-5	0
0.487321	-5	0
0.487557	-5	0
0.487897	-5	0
0.488188	-5	0
0.48864	-5	0
0.489351	-5	0
0.489582	-5	0
0.489881	-5	0
0.490193	-5	0
0.490509	-5	0
0.49082	-5	0
0.491139	-5	0
0.492077	-5	0
0.492402	-5	0
0.492716	-5	0
0.492948	-5	0
0.493273	-5	0
0.493559	-5	0
0.493995	-5	0
0.494172	-5	0
0.495071	-5	0
0.495367	-5	0
0.495691	-5	0
0.49586	-5	0
0.496161	-5	0
0.496473	-5	0
0.496838	-5	0
0.497247	-5	0
0.498065	-5	0
0.498236	-5	0
0.49856	-5	0
0.498921	-5	0
0.49917	-5	0
0.499481	-5	0
0.499834	-5	0
0.500595	-5	0
0.501032	-5	0
0.501298	-5	0
0.501567	-5	0
0.501836	-5	0
0.502126	-5	0
0.502419	-5	0
0.502524	-5	0
0.502901	-5	0
0.503758	-5	0
0.504073	-5	0
0.504383	-5	0
0.504643	-5	0
0.504928	-5	0
0.505293	-5	0
0.505608	-5	0
0.506463	-5	0
0.506881	-5	0
0.507154	-5	0
0.50737	-5	0
0.507651	-5	0
0.507958	-5	0
0.508276	-5	0
0.508549	-5	0
0.509521	-5	0
0.50978	-5	0
0.510034	-5	0
0.510293	-5	0
0.510602	-5	0
0.510767	-5	0
0.511099	-5	0
0.511438	-5	0
0.51216	-5	0
0.512429	-5	0
0.51272	-5	0
0.512951	-5	0
0.513231	-5	0
0.513519	-5	0
0.513834	-5	0
0.514542	-5	0
0.515072	-5	0
0.515399	-5	0
0.515669	-5	0
0.515838	-5	0
0.516143	-5	0
0.516456	-5	0
0.516769	-5	0
0.517691	-5	0
0.517971	-5	0
0.518241	-5	0
0.518508	-5	0
0.518827	-5	0
0.519141	-5	0
0.519443	-5	0
0.519822	-5	0
0.520732	-5	0
0.521042	-5	0
0.521307	-5	0
0.521506	-5	0
0.521775	-5	0
0.522037	-5	0
0.522336	-5	0
0.522587	-5	0
0.523439	-5	0
0.523767	-5	0
0.524064	-5	0
0.524319	-5	0
0.524562	-5	0
0.524893	-5	0
0.525224	-5	0
0.525741	-5	0
0.526404	-5	0
0.526674	-5	0
0.526981	-5	0
0.527244	-5	0
0.527466	-5	0
0.52778	-5	0
0.528043	-5	0
0.528837	-5	0
0.529271	-5	0
0.529563	-5	0
0.529893	-5	0
0.530223	-5	0
0.530494	-5	0
0.530773	-5	0
0.53105	-5	0
0.531571	-5	0
0.532278	-5	0
0.532536	-5	0
0.532728	-5	0
0.532989	-5	0
0.533301	-5	0
0.533627	-5	0
0.533965	-5	0
0.534517	-5	0
0.535089	-5	0
0.53536	-5	0
0.535689	-5	0
0.535967	-5	0
0.53616	-5	0
0.536508	-5	0
0.536832	-5	0
0.537685	-5	0
0.538054	-5	0
0.538324	-5	0
0.538654	-5	0
0.53891	-5	0
0.539233	-5	0
0.539503	-5	0
0.539795	-5	0
0.540757	-5	0
0.541033	-5	0
0.541347	-5	0
0.541642	-5	0
0.541893	-5	0
0.542191	-5	0
0.542408	-5	0
0.54264	-5	0
0.543566	-5	0
0.543867	-5	0
0.544195	-5	0
0.544504	-5	0
0.544688	-5	0
0.544973	-5	0
0.545363	-5	0
0.545593	-5	0
0.546489	-5	0
0.546748	-5	0
0.547009	-5	0
0.547266	-5	0
0.547525	-5	0
0.547752	-5	0
0.54802	-5	0
0.548604	-5	0
0.549274	-5	0
0.549536	-5	0
0.549762	-5	0
0.550018	-5	0
0.550278	-5	0
0.550545	-5	0
0.550894	-5	0
0.55166	-5	0
0.552128	-5	0
0.552399	-5	0
0.552707	-5	0
0.552966	-5	0
0.553193	-5	0
0.553467	-5	0
0.553821	-5	0
0.55472	-5	0
0.554994	-5	0
0.555302	-5	0
0.555451	-5	0
0.555774	-5	0
0.55597	-5	0
0.556327	-5	0
0.556647	-5	0
0.557861	-5	0
0.558268	-5	0
0.558508	-5	0
0.558884	-5	0
0.559079	-5	0
0.559356	-5	0
0.559636	-5	0
0.56047	-5	0
0.560844	-5	0
0.561092	-5	0
0.561338	-5	0
0.561687	-5	0
0.561914	-5	0
0.562347	-5	0
0.562513	-5	0
0.563356	-5	0
0.563628	-5	0
0.563978	-5	0
0.564143	-5	0
0.564448	-5	0
0.564685	-5	0
0.565046	-5	0
0.565695	-5	0
0.566203	-5	0
0.566523	-5	0
0.566691	-5	0
0.566987	-5	0
0.567308	-5	0
0.567627	-5	0
0.567941	-5	0
0.568925	-5	0
0.569254	-5	0
0.569576	-5	0
0.569839	-5	0
0.570088	-5	0
0.570413	-5	0
0.570594	-5	0
0.571016	-5	0
0.571779	-5	0
0.572039	-5	0
0.572362	-5	0
0.572627	-5	0
0.572795	-5	0
0.573131	-5	0
0.573442	-5	0
0.57392	-5	0
0.574645	-5	0
0.574905	-5	0
0.575216	-5	0
0.575544	-5	0
0.575811	-5	0
0.575993	-5	0
0.57633	-5	0
0.576944	-5	0
0.57754	-5	0
0.57777	-5	0
0.578095	-5	0
0.578325	-5	0
0.578623	-5	0
0.578961	-5	0
0.579276	-5	0
0.58028	-5	0
0.580544	-5	0
0.58087	-5	0
0.5811	-5	0
0.581397	-5	0
0.581704	-5	0
0.582011	-5	0
0.582352	-5	0
0.583242	-5	0
0.583563	-5	0
0.583833	-5	0
0.584002	-5	0
0.584298	-5	0
0.584597	-5	0
0.58491	-5	0
0.585652	-5	0
0.586185	-5	0
0.586349	-5	0
0.586644	-5	0
0.586922	-5	0
0.587257	-5	0
0.587568	-5	0
0.587815	-5	0
0.588804	-5	0
0.589109	-5	0
0.58934	-5	0
0.589635	-5	0
0.589946	-5	0
0.590386	-5	0
0.590629	-5	0
0.59123	-5	0
0.591738	-5	0
0.592031	-5	0
0.592184	-5	0
0.592415	-5	0
0.592698	-5	0
0.593034	-5	0
0.593331	-5	0
0.594137	-5	0
0.594412	-5	0
0.59469	-5	0
0.594959	-5	0
0.595264	-5	0
0.595557	-5	0
0.595896	-5	0
0.596176	-5	0
0.596832	-5	0
0.597285	-5	0
0.59761	-5	0
0.597871	-5	0
0.598043	-5	0
0.598337	-5	0
0.598652	-5	0
0.598937	-5	0
0.599873	-5	0
0.600173	-5	0
0.600491	-5	0
0.600659	-5	0
0.600956	-5	0
0.601262	-5	0
0.601576	-5	0
0.602031	-5	0
0.602711	-5	0
0.603034	-5	0
0.603263	-5	0
0.603648	-5	0
0.603937	-5	0
0.604318	-5	0
0.604562	-5	0
0.60554	-5	0
0.605828	-5	0
0.606123	-5	0
0.60638	-5	0
0.606697	-5	0
0.606927	-5	0
0.607283	-5	0
0.607816	-5	0
0.608406	-5	0
0.608684	-5	0
0.608948	-5	0
0.609227	-5	0
0.609484	-5	0
0.609788	-5	0
0.610093	-5	0
0.610421	-5	0
0.611395	-5	0
0.61166	-5	0
0.611981	-5	0
0.612302	-5	0
0.612482	-5	0
0.612795	-5	0
0.612975	-5	0
0.614089	-5	0
0.614358	-5	0
0.61453	-5	0
0.614821	-5	0
0.615124	-5	0
0.615359	-5	0
0.615661	-5	0
0.616053	-5	0
0.617065	-5	0
0.617265	-5	0
0.617527	-5	0
0.617811	-5	0
0.618108	-5	0
0.618394	-5	0
0.618765	-5	0
0.619217	-5	0
0.619846	-5	0
0.620153	-5	0
0.620453	-5	0
0.620733	-5	0
0.621046	-5	0
0.621398	-5	0
0.621635	-5	0
0.622706	-5	0
0.62294	-5	0
0.623235	-5	0
0.623548	-5	0
0.623869	-5	0
0.624201	-5	0
0.624479	-5	0
0.62496	-5	0
0.625582	-5	0
0.625845	-5	0
0.626149	-5	0
0.626475	-5	0
0.626749	-5	0
0.627033	-5	0
0.627319	-5	0
0.627747	-5	0
0.628349	-5	0
0.628633	-5	0
0.628942	-5	0
0.629246	-5	0
0.629604	-5	0
0.629828	-5	0
0.630072	-5	0
0.630791	-5	0
0.631334	-5	0
0.631599	-5	0
0.631891	-5	0
0.632183	-5	0
0.632501	-5	0
0.63278	-5	0
0.632976	-5	0
0.633564	-5	0
0.634211	-5	0
0.63449	-5	0
0.634721	-5	0
0.634984	-5	0
0.635145	-5	0
0.635448	-5	0
0.635718	-5	0
0.636566	-5	0
0.636941	-5	0
0.637195	-5	0
0.63746	-5	0
0.63774	-5	0
0.638036	-5	0
0.638356	-5	0
0.638661	-5	0
0.639445	-5	0
0.639863	-5	0
0.640129	-5	0
0.640408	-5	0
0.640662	-5	0
0.640835	-5	0
0.641069	-5	0
0.641249	-5	0
0.641783	-5	0
0.642468	-5	0
0.642736	-5	0
0.642903	-5	0
0.643291	-5	0
0.643658	-5	0
0.643957	-5	0
0.644326	-5	0
0.64515	-5	0
0.645458	-5	0
0.645737	-5	0
0.646	-5	0
0.646262	-5	0
0.646536	-5	0
0.646835	-5	0
0.647141	-5	0
0.6474	-5	0
0.648133	-5	0
0.648444	-5	0
0.648703	-5	0
0.648858	-5	0
0.649067	-5	0
0.649425	-5	0
0.649637	-5	0
0.650747	-5	0
0.650909	-5	0
0.651221	-5	0
0.651531	-5	0
0.651839	-5	0
0.652071	-5	0
0.652375	-5	0
0.652693	-5	0
0.653543	-5	0
0.653871	-5	0
0.654217	-5	0
0.654482	-5	0
0.654751	-5	0
0.655057	-5	0
0.655244	-5	0
0.655677	-5	0
0.656512	-5	0
0.656783	-5	0
0.656953	-5	0
0.657251	-5	0
0.657554	-5	0
0.657906	-5	0
0.658145	-5	0
0.6589	-5	0
0.659516	-5	0
0.659715	-5	0
0.659944	-5	0
0.660268	-5	0
0.660561	-5	0
0.660899	-5	0
0.661249	-5	0
0.662107	-5	0
0.662433	-5	0
0.662805	-5	0
0.663165	-5	0
0.663344	-5	0
0.663636	-5	0
0.663932	-5	0
0.6642	-5	0
0.665203	-5	0
0.665431	-5	0
0.66576	-5	0
0.665989	-5	0
0.666284	-5	0
0.666592	-5	0
0.666985	-5	0
0.667651	-5	0
0.668218	-5	0
0.668487	-5	0
0.668656	-5	0
0.668991	-5	0
0.669307	-5	0
0.669629	-5	0
0.669966	-5	0
0.670734	-5	0
0.671121	-5	0
0.671415	-5	0
0.671689	-5	0
0.671946	-5	0
0.672169	-5	0
0.672517	-5	0
0.67266	-5	0
0.673157	-5	0
0.673824	-5	0
0.673993	-5	0
0.674255	-5	0
0.674579	-5	0
0.674853	-5	0
0.675095	-5	0
0.67543	-5	0
0.676445	-5	0
0.676745	-5	0
0.677067	-5	0
0.677332	-5	0
0.67751	-5	0
0.677799	-5	0
0.678112	-5	0
0.678421	-5	0
0.679346	-5	0
0.679653	-5	0
0.679975	-5	0
0.680141	-5	0
0.680417	-5	0
0.680777	-5	0
0.681058	-5	0
0.681577	-5	0
0.682365	-5	0
0.682633	-5	0
0.682801	-5	0
0.683009	-5	0
0.683214	-5	0
0.683556	-5	0
0.683766	-5	0
0.684708	-5	0
0.68497	-5	0
0.685137	-5	0
0.685415	-5	0
0.685702	-5	0
0.68613	-5	0
0.686435	-5	0
0.687173	-5	0
0.687543	-5	0
0.687801	-5	0
0.688145	-5	0
0.688475	-5	0
0.688773	-5	0
0.688956	-5	0
0.68929	-5	0
0.69027	-5	0
0.690573	-5	0
0.690802	-5	0
0.691106	-5	0
0.691334	-5	0
0.691644	-5	0
0.691922	-5	0
0.692281	-5	0
0.692961	-5	0
0.693269	-5	0
0.693499	-5	0
0.693802	-5	0
0.694113	-5	0
0.694426	-5	0
0.694819	-5	0
0.695487	-5	0
0.696045	-5	0
0.696218	-5	0
0.696518	-5	0
0.696842	-5	0
0.697067	-5	0
0.697426	-5	0
0.697768	-5	0
0.69874	-5	0
0.698962	-5	0
0.6992	-5	0
0.69955	-5	0
0.699738	-5	0
0.700041	-5	0
0.700355	-5	0
0.70093	-5	0
0.70157	-5	0
0.701838	-5	0
0.702008	-5	0
0.702282	-5	0
0.702583	-5	0
0.702898	-5	0
0.703261	-5	0
0.704247	-5	0
0.704521	-5	0
0.704801	-5	0
0.705141	-5	0
0.705404	-5	0
0.705727	-5	0
0.706044	-5	0
0.706439	-5	0
0.707288	-5	0
0.707456	-5	0
0.707752	-5	0
0.708094	-5	0
0.708439	-5	0
0.708749	-5	0
0.70908	-5	0
0.710059	-5	0
0.710319	-5	0
0.710663	-5	0
0.710833	-5	0
0.711156	-5	0
0.711478	-5	0
0.711728	-5	0
0.712077	-5	0
0.712968	-5	0
0.713234	-5	0
0.713404	-5	0
0.7137	-5	0
0.714022	-5	0
0.714254	-5	0
0.714595	-5	0
0.714981	-5	0
0.71573	-5	0
0.715961	-5	0
0.716287	-5	0
0.716672	-5	0
0.716896	-5	0
0.717201	-5	0
0.717551	-5	0
0.718492	-5	0
0.718836	-5	0
0.719116	-5	0
0.719378	-5	0
0.719645	-5	0
0.719892	-5	0
0.720192	-5	0
0.720509	-5	0
0.720893	-5	0
0.721697	-5	0
0.721921	-5	0
0.72208	-5	0
0.72241	-5	0
0.722569	-5	0
0.722952	-5	0
0.723143	-5	0
0.72431	-5	0
0.724432	-5	0
0.724668	-5	0
0.724971	-5	0
0.725228	-5	0
0.725458	-5	0
0.725772	-5	0
0.726112	-5	0
0.726941	-5	0
0.727172	-5	0
0.727495	-5	0
0.727742	-5	0
0.728045	-5	0
0.728386	-5	0
0.728704	-5	0
0.729792	-5	0
0.730107	-5	0
0.730472	-5	0
0.730793	-5	0
0.731059	-5	0
0.731352	-5	0
0.731649	-5	0
0.731963	-5	0
0.732706	-5	0
0.733244	-5	0
0.733521	-5	0
0.733825	-5	0
0.734092	-5	0
0.734296	-5	0
0.734534	-5	0
0.734967	-5	0
0.735983	-5	0
0.736308	-5	0
0.736628	-5	0
0.736858	-5	0
0.737151	-5	0
0.73743	-5	0
0.737747	-5	0
0.738098	-5	0
0.738946	-5	0
0.739103	-5	0
0.739362	-5	0
0.739667	-5	0
0.739987	-5	0
0.740249	-5	0
0.740491	-5	0
0.74132	-5	0
0.74177	-5	0
0.742037	-5	0
0.742212	-5	0
0.742498	-5	0
0.742825	-5	0
0.743073	-5	0
0.743398	-5	0
0.744305	-5	0
0.744626	-5	0
0.744944	-5	0
0.745206	-5	0
0.745446	-5	0
0.745711	-5	0
0.745994	-5	0
0.746333	-5	0
0.747204	-5	0
0.74746	-5	0
0.747781	-5	0
0.748005	-5	0
0.748331	-5	0
0.748648	-5	0
0.748961	-5	0
0.749216	-5	0
0.749972	-5	0
0.750234	-5	0
0.750509	-5	0
0.750776	-5	0
0.751074	-5	0
0.751409	-5	0
0.751764	-5	0
0.752458	-5	0
0.753019	-5	0
0.753287	-5	0
0.753575	-5	0
0.753893	-5	0
0.754253	-5	0
0.754434	-5	0
0.754787	-5	0
0.755758	-5	0
0.75608	-5	0
0.75636	-5	0
0.756616	-5	0
0.756889	-5	0
0.757129	-5	0
0.757461	-5	0
0.757751	-5	0
0.758192	-5	0
0.758828	-5	0
0.759096	-5	0
0.759413	-5	0
0.759686	-5	0
0.759854	-5	0
0.760162	-5	0
0.76032	-5	0
0.761147	-5	0
0.761535	-5	0
0.761807	-5	0
0.762068	-5	0
0.762475	-5	0
0.762653	-5	0
0.76293	-5	0
0.763215	-5	0
0.764102	-5	0
0.764352	-5	0
0.764658	-5	0
0.764881	-5	0
0.765143	-5	0
0.765513	-5	0
0.76589	-5	0
0.76647	-5	0
0.76697	-5	0
0.76724	-5	0
0.767502	-5	0
0.76767	-5	0
0.767976	-5	0
0.76829	-5	0
0.768645	-5	0
0.769549	-5	0
0.769833	-5	0
0.77009	-5	0
0.770412	-5	0
0.770577	-5	0
0.770905	-5	0
0.771174	-5	0
0.77147	-5	0
0.772298	-5	0
0.772565	-5	0
0.772865	-5	0
0.773133	-5	0
0.773392	-5	0
0.773699	-5	0
0.774016	-5	0
0.77475	-5	0
0.775249	-5	0
0.775483	-5	0
0.775781	-5	0
0.776093	-5	0
0.776378	-5	0
0.776693	-5	0
0.777003	-5	0
0.778029	-5	0
0.778329	-5	0
0.778586	-5	0
0.77891	-5	0
0.779078	-5	0
0.779344	-5	0
0.779611	-5	0
0.779908	-5	0
0.78076	-5	0
0.781065	-5	0
0.781394	-5	0
0.781621	-5	0
0.781917	-5	0
0.782199	-5	0
0.782522	-5	0
0.783298	-5	0
0.783746	-5	0
0.783976	-5	0
0.784298	-5	0
0.784526	-5	0
0.784837	-5	0
0.785151	-5	0
0.785436	-5	0
0.78647	-5	0
0.786774	-5	0
0.787098	-5	0
0.787266	-5	0
0.787541	-5	0
0.787855	-5	0
0.788143	-5	0
0.788518	-5	0
0.789319	-5	0
0.789588	-5	0
0.789758	-5	0
0.790047	-5	0
0.790379	-5	0
0.790721	-5	0
0.790891	-5	0
0.79178	-5	0
0.79223	-5	0
0.792398	-5	0
0.792724	-5	0
0.792955	-5	0
0.793286	-5	0
0.793527	-5	0
0.793823	-5	0
0.79466	-5	0
0.794908	-5	0
0.795167	-5	0
0.795431	-5	0
0.795677	-5	0
0.79599	-5	0
0.796262	-5	0
0.796728	-5	0
0.797497	-5	0
0.797824	-5	0
0.798092	-5	0
0.798398	-5	0
0.798685	-5	0
0.79891	-5	0
0.799264	-5	0
0.79938	-5	0
0.800224	-5	0
0.800514	-5	0
0.800666	-5	0
0.800894	-5	0
0.801182	-5	0
0.801497	-5	0
0.801816	-5	0
0.80242	-5	0
0.803018	-5	0
0.803291	-5	0
0.80356	-5	0
0.803727	-5	0
0.804052	-5	0
0.804289	-5	0
0.804603	-5	0
0.805607	-5	0
0.805943	-5	0
0.806258	-5	0
0.806489	-5	0
0.806792	-5	0
0.807026	-5	0
0.807341	-5	0
0.807648	-5	0
0.808612	-5	0
0.808876	-5	0
0.809106	-5	0
0.809404	-5	0
0.809679	-5	0
0.809987	-5	0
0.810266	-5	0
0.8107	-5	0
0.811549	-5	0
0.811822	-5	0
0.812079	-5	0
0.812337	-5	0
0.812605	-5	0
0.812835	-5	0
0.813185	-5	0
0.813975	-5	0
0.814313	-5	0
0.814572	-5	0
0.814795	-5	0
0.814988	-5	0
0.81521	-5	0
0.815525	-5	0
0.815769	-5	0
0.816633	-5	0
0.816942	-5	0
0.817258	-5	0
0.817587	-5	0
0.817755	-5	0
0.818053	-5	0
0.81838	-5	0
0.819113	-5	0
0.819607	-5	0
0.819943	-5	0
0.820173	-5	0
0.820478	-5	0
0.82076	-5	0
0.821038	-5	0
0.821367	-5	0
0.822379	-5	0
0.82265	-5	0
0.822945	-5	0
0.823328	-5	0
0.823494	-5	0
0.823825	-5	0
0.824139	-5	0
0.824492	-5	0
0.825326	-5	0
0.825643	-5	0
0.825915	-5	0
0.826113	-5	0
0.826343	-5	0
0.82668	-5	0
0.826993	-5	0
0.827743	-5	0
0.828216	-5	0
0.828485	-5	0
0.828782	-5	0
0.829043	-5	0
0.829294	-5	0
0.829613	-5	0
0.829924	-5	0
0.830963	-5	0
0.831188	-5	0
0.83145	-5	0
0.831727	-5	0
0.832006	-5	0
0.832292	-5	0
0.83257	-5	0
0.833505	-5	0
0.833823	-5	0
0.834137	-5	0
0.834399	-5	0
0.834553	-5	0
0.834814	-5	0
0.835057	-5	0
0.835419	-5	0
0.836395	-5	0
0.836651	-5	0
0.836963	-5	0
0.837192	-5	0
0.837516	-5	0
0.837799	-5	0
0.838066	-5	0
0.838838	-5	0
0.839459	-5	0
0.839788	-5	0
0.840054	-5	0
0.840336	-5	0
0.840614	-5	0
0.840888	-5	0
0.841209	-5	0
0.841832	-5	0
0.842467	-5	0
0.842735	-5	0
0.842979	-5	0
0.843152	-5	0
0.84337	-5	0
0.843678	-5	0
0.843877	-5	0
0.844489	-5	0
0.845157	-5	0
0.845309	-5	0
0.845538	-5	0
0.84585	-5	0
0.846082	-5	0
0.846397	-5	0
0.846711	-5	0
0.847671	-5	0
0.848095	-5	0
0.848459	-5	0
0.848625	-5	0
0.84895	-5	0
0.849181	-5	0
0.849497	-5	0
0.849786	-5	0
0.850795	-5	0
0.851053	-5	0
0.851207	-5	0
0.851448	-5	0
0.851751	-5	0
0.852058	-5	0
0.852301	-5	0
0.852697	-5	0
0.85341	-5	0
0.853738	-5	0
0.853969	-5	0
0.854353	-5	0
0.854621	-5	0
0.854928	-5	0
0.855245	-5	0
0.85613	-5	0
0.856394	-5	0
0.856643	-5	0
0.856963	-5	0
0.857291	-5	0
0.857554	-5	0
0.857871	-5	0
0.858193	-5	0
0.859109	-5	0
0.859382	-5	0
0.85965	-5	0
0.859821	-5	0
0.860195	-5	0
0.860443	-5	0
0.860719	-5	0
0.861022	-5	0
0.861945	-5	0
0.862311	-5	0
0.862576	-5	0
0.862863	-5	0
0.863034	-5	0
0.86333	-5	0
0.863659	-5	0
0.864044	-5	0
0.864759	-5	0
0.865065	-5	0
0.86542	-5	0
0.865588	-5	0
0.865916	-5	0
0.866252	-5	0
0.866425	-5	0
0.867238	-5	0
0.867664	-5	0
0.868036	-5	0
0.868369	-5	0
0.868637	-5	0
0.868941	-5	0
0.869212	-5	0
0.869499	-5	0
0.870279	-5	0
0.87074	-5	0
0.870983	-5	0
0.871293	-5	0
0.871562	-5	0
0.871874	-5	0
0.872142	-5	0
0.872366	-5	0
0.873182	-5	0
0.873683	-5	0
0.873883	-5	0
0.874157	-5	0
0.874475	-5	0
0.874644	-5	0
0.874987	-5	0
0.875272	-5	0
0.876259	-5	0
0.876556	-5	0
0.876813	-5	0
0.877114	-5	0
0.877353	-5	0
0.87762	-5	0
0.877953	-5	0
0.878268	-5	0
0.879195	-5	0
0.879515	-5	0
0.879809	-5	0
0.879989	-5	0
0.880317	-5	0
0.88063	-5	0
0.880877	-5	0
0.881319	-5	0
0.882122	-5	0
0.8824	-5	0
0.882567	-5	0
0.882921	-5	0
0.883086	-5	0
0.883386	-5	0
0.883697	-5	0
0.884414	-5	0
0.884948	-5	0
0.885215	-5	0
0.885396	-5	0
0.885681	-5	0
0.885909	-5	0
0.886208	-5	0
0.886525	-5	0
0.887569	-5	0
0.887914	-5	0
0.888173	-5	0
0.888479	-5	0
0.888745	-5	0
0.888928	-5	0
0.889278	-5	0
0.889605	-5	0
0.890422	-5	0
0.890648	-5	0
0.890988	-5	0
0.891214	-5	0
0.89148	-5	0
0.891789	-5	0
0.892021	-5	0
0.892757	-5	0
0.893264	-5	0
0.893523	-5	0
0.893784	-5	0
0.894041	-5	0
0.894269	-5	0
0.894585	-5	0
0.894895	-5	0
0.895635	-5	0
0.896582	-5	0
0.896778	-5	0
0.897104	-5	0
0.897273	-5	0
0.89757	-5	0
0.897866	-5	0
0.898172	-5	0
0.899192	-5	0
0.899397	-5	0
0.899675	-5	0
0.899981	-5	0
0.900209	-5	0
0.900483	-5	0
0.900823	-5	0
0.901529	-5	0
0.90201	-5	0
0.902178	-5	0
0.902533	-5	0
0.902701	-5	0
0.903082	-5	0
0.903322	-5	0
0.903661	-5	0
0.904569	-5	0
0.904937	-5	0
0.905297	-5	0
0.905586	-5	0
0.905917	-5	0
0.906085	-5	0
0.906362	-5	0
0.90665	-5	0
0.907541	-5	0
0.907805	-5	0
0.908067	-5	0
0.908394	-5	0
0.908562	-5	0
0.908891	-5	0
0.909209	-5	0
0.909559	-5	0
0.910543	-5	0
0.910854	-5	0
0.911024	-5	0
0.911304	-5	0
0.911597	-5	0
0.911931	-5	0
0.912263	-5	0
0.912858	-5	0
0.913349	-5	0
0.913731	-5	0
0.913899	-5	0
0.914223	-5	0
0.914456	-5	0
0.914791	-5	0
0.915102	-5	0
0.916079	-5	0
0.916403	-5	0
0.916634	-5	0
0.916913	-5	0
0.917188	-5	0
0.917489	-5	0
0.917846	-5	0
0.918557	-5	0
0.919098	-5	0
0.919366	-5	0
0.919542	-5	0
0.919851	-5	0
0.920222	-5	0
0.920462	-5	0
0.920804	-5	0
0.921837	-5	0
0.922126	-5	0
0.922479	-5	0
0.922752	-5	0
0.923015	-5	0
0.923183	-5	0
0.923485	-5	0
0.92389	-5	0
0.924701	-5	0
0.925021	-5	0
0.925188	-5	0
0.925513	-5	0
0.925742	-5	0
0.926108	-5	0
0.926421	-5	0
0.926824	-5	0
0.927602	-5	0
0.927916	-5	0
0.928153	-5	0
0.928419	-5	0
0.928688	-5	0
0.929023	-5	0
0.92926	-5	0
0.930094	-5	0
0.930514	-5	0
0.930781	-5	0
0.931055	-5	0
0.931349	-5	0
0.931634	-5	0
0.931895	-5	0
0.93223	-5	0
0.932857	-5	0
0.933415	-5	0
0.933684	-5	0
0.933952	-5	0
0.934163	-5	0
0.934299	-5	0
0.93456	-5	0
0.934875	-5	0
0.935361	-5	0
0.935998	-5	0
0.936381	-5	0
0.936684	-5	0
0.93688	-5	0
0.93715	-5	0
0.937568	-5	0
0.937752	-5	0
0.938595	-5	0
0.939004	-5	0
0.939343	-5	0
0.939575	-5	0
0.939884	-5	0
0.940202	-5	0
0.940512	-5	0
0.940825	-5	0
0.94175	-5	0
0.942005	-5	0
0.942327	-5	0
0.942604	-5	0
0.942874	-5	0
0.943039	-5	0
0.943335	-5	0
0.943674	-5	0
0.944473	-5	0
0.944766	-5	0
0.944994	-5	0
0.945289	-5	0
0.945584	-5	0
0.945908	-5	0
0.946189	-5	0
0.946899	-5	0
0.947522	-5	0
0.947694	-5	0
0.947991	-5	0
0.948288	-5	0
0.948576	-5	0
0.948868	-5	0
0.949216	-5	0
0.950021	-5	0
0.950287	-5	0
0.950566	-5	0
0.950834	-5	0
0.951031	-5	0
0.951261	-5	0
0.951572	-5	0
0.951849	-5	0
0.952793	-5	0
0.953027	-5	0
0.953434	-5	0
0.953584	-5	0
0.953925	-5	0
0.954091	-5	0
0.954371	-5	0
0.955289	-5	0
0.955694	-5	0
0.955926	-5	0
0.956181	-5	0
0.95641	-5	0
0.956769	-5	0
0.956984	-5	0
0.957361	-5	0
0.958099	-5	0
0.958425	-5	0
0.958603	-5	0
0.958915	-5	0
0.959181	-5	0
0.95952	-5	0
0.959761	-5	0
0.960498	-5	0
0.96099	-5	0
0.961247	-5	0
0.961538	-5	0
0.9618	-5	0
0.962153	-5	0
0.962411	-5	0
0.962574	-5	0
0.963691	-5	0
0.963846	-5	0
0.964084	-5	0
0.964401	-5	0
0.964726	-5	0
0.964897	-5	0
0.965211	-5	0
0.965565	-5	0
0.966321	-5	0
0.96663	-5	0
0.966874	-5	0
0.967188	-5	0
0.967479	-5	0
0.967773	-5	0
0.96807	-5	0
0.968591	-5	0
0.969336	-5	0
0.969647	-5	0
0.969994	-5	0
0.9703	-5	0
0.970512	-5	0
0.970779	-5	0
0.97111	-5	0
0.971618	-5	0
0.972223	-5	0
0.972593	-5	0
0.972851	-5	0
0.973136	-5	0
0.97347	-5	0
0.97372	-5	0
0.973988	-5	0
0.974748	-5	0
0.975248	-5	0
0.975513	-5	0
0.975738	-5	0
0.975993	-5	0
0.976252	-5	0
0.976516	-5	0
0.976867	-5	0
0.977487	-5	0
0.978038	-5	0
0.978304	-5	0
0.978474	-5	0
0.978734	-5	0
0.979037	-5	0
0.979351	-5	0
0.979661	-5	0
0.980705	-5	0
0.981018	-5	0
0.98134	-5	0
0.98151	-5	0
0.981876	-5	0
0.982044	-5	0
0.982378	-5	0
0.982692	-5	0
0.983566	-5	0
0.983889	-5	0
0.984135	-5	0
0.984457	-5	0
0.984779	-5	0
0.984956	-5	0
0.985211	-5	0
0.985559	-5	0
0.98637	-5	0
0.986721	-5	0
0.986949	-5	0
0.987178	-5	0
0.987443	-5	0
0.987727	-5	0
0.988021	-5	0
0.988631	-5	0
0.989274	-5	0
0.989555	-5	0
0.989857	-5	0
0.990145	-5	0
0.990318	-5	0
0.990671	-5	0
0.990849	-5	0
0.991603	-5	0
0.992129	-5	0
0.992358	-5	0
0.992682	-5	0
0.993002	-5	0
0.993264	-5	0
0.993526	-5	0
0.993898	-5	0
0.99465	-5	0
0.995024	-5	0
0.995301	-5	0
0.995619	-5	0
0.995884	-5	0
0.996159	-5	0
0.996443	-5	0
0.996758	-5	0
0.997174	-5	0
0.997872	-5	0
0.998129	-5	0
0.998428	-5	0
0.998655	-5	0
0.998839	-5	0
0.999162	-5	0
0.999397	-5	0
1.00014	-5	0
1.00065	-5	0
1.00088	-5	0
1.00117	-5	0
1.00145	-5	0
1.00171	-5	0
1.00203	-5	0
1.00243	-5	0
1.00331	-5	0
1.00354	-5	0
1.00375	-5	0
1.00407	-5	0
1.0043	-5	0
1.00461	-5	0
1.00497	-5	0
1.00568	-5	0
1.00624	-5	0
1.00652	-5	0
1.00669	-5	0
1.00694	-5	0
1.00725	-5	0
1.00757	-5	0
1.00788	-5	0
1.00904	-5	0
1.00934	-5	0
1.00957	-5	0
1.00987	-5	0
1.01019	-5	0
1.01044	-5	0
1.01075	-5	0
1.011	-5	0
1.01192	-5	0
1.01218	-5	0
1.01245	-5	0
1.01271	-5	0
1.01299	-5	0
1.01329	-5	0
1.01362	-5	0
1.01432	-5	0
1.01493	-5	0
1.01525	-5	0
1.01554	-5	0
1.01578	-5	0
1.01611	-5	0
1.01643	-5	0
1.01664	-5	0
1.01697	-5	0
1.01794	-5	0
1.01825	-5	0
1.01856	-5	0
1.01865	-5	0
1.01901	-5	0
1.01931	-5	0
1.01962	-5	0
1.02051	-5	0
1.02079	-5	0
1.0211	-5	0
1.02133	-5	0
1.02164	-5	0
1.02196	-5	0
1.02222	-5	0
1.0225	-5	0
1.02334	-5	0
1.02366	-5	0
1.02398	-5	0
1.02416	-5	0
1.02448	-5	0
1.02482	-5	0
1.025	-5	0
1.02539	-5	0
1.0262	-5	0
1.0265	-5	0
1.02674	-5	0
1.02701	-5	0
1.02736	-5	0
1.02754	-5	0
1.0279	-5	0
1.02843	-5	0
1.02911	-5	0
1.02937	-5	0
1.02954	-5	0
1.02985	-5	0
1.03015	-5	0
1.03047	-5	0
1.03075	-5	0
1.03164	-5	0
1.03196	-5	0
1.03213	-5	0
1.0324	-5	0
1.03269	-5	0
1.03297	-5	0
1.03332	-5	0
1.03395	-5	0
1.03455	-5	0
1.03482	-5	0
1.03499	-5	0
1.03528	-5	0
1.03558	-5	0
1.03588	-5	0
1.03626	-5	0
1.03711	-5	0
1.03746	-5	0
1.03781	-5	0
1.03796	-5	0
1.03826	-5	0
1.03847	-5	0
1.03878	-5	0
1.03933	-5	0
1.04	-5	0
1.04032	-5	0
1.04048	-5	0
1.0408	-5	0
1.04103	-5	0
1.04132	-5	0
1.04163	-5	0
1.04266	-5	0
1.04297	-5	0
1.0433	-5	0
1.04346	-5	0
1.04377	-5	0
1.044	-5	0
1.04431	-5	0
1.04465	-5	0
1.04547	-5	0
1.04569	-5	0
1.046	-5	0
1.04624	-5	0
1.04655	-5	0
1.04691	-5	0
1.04722	-5	0
1.04756	-5	0
1.04833	-5	0
1.04857	-5	0
1.04886	-5	0
1.04925	-5	0
1.04957	-5	0
1.04978	-5	0
1.05012	-5	0
1.05108	-5	0
1.0514	-5	0
1.05171	-5	0
1.05204	-5	0
1.0522	-5	0
1.0525	-5	0
1.05273	-5	0
1.05308	-5	0
1.05401	-5	0
1.05431	-5	0
1.05454	-5	0
1.05487	-5	0
1.0551	-5	0
1.0554	-5	0
1.05569	-5	0
1.05639	-5	0
1.05691	-5	0
1.05723	-5	0
1.0574	-5	0
1.0577	-5	0
1.05804	-5	0
1.05833	-5	0
1.05862	-5	0
1.0595	-5	0
1.05984	-5	0
1.06008	-5	0
1.06046	-5	0
1.06071	-5	0
1.06104	-5	0
1.06136	-5	0
1.06171	-5	0
1.06238	-5	0
1.06254	-5	0
1.0629	-5	0
1.06306	-5	0
1.06339	-5	0
1.06366	-5	0
1.06397	-5	0
1.06478	-5	0
1.06514	-5	0
1.06549	-5	0
1.06576	-5	0
1.06604	-5	0
1.06637	-5	0
1.06657	-5	0
1.0669	-5	0
1.06763	-5	0
1.06804	-5	0
1.06831	-5	0
1.06857	-5	0
1.06884	-5	0
1.06911	-5	0
1.06941	-5	0
1.06978	-5	0
1.07063	-5	0
1.07095	-5	0
1.07123	-5	0
1.07148	-5	0
1.07179	-5	0
1.07201	-5	0
1.07235	-5	0
1.07307	-5	0
1.07354	-5	0
1.07387	-5	0
1.07426	-5	0
1.0744	-5	0
1.07463	-5	0
1.07492	-5	0
1.07518	-5	0
1.07602	-5	0
1.07633	-5	0
1.07661	-5	0
1.07688	-5	0
1.07715	-5	0
1.07742	-5	0
1.07771	-5	0
1.07823	-5	0
1.07887	-5	0
1.0792	-5	0
1.07944	-5	0
1.07977	-5	0
1.08	-5	0
1.08027	-5	0
1.08062	-5	0
1.08124	-5	0
1.08186	-5	0
1.08213	-5	0
1.08243	-5	0
1.08269	-5	0
1.08286	-5	0
1.08319	-5	0
1.0835	-5	0
1.08404	-5	0
1.08463	-5	0
1.0849	-5	0
1.0852	-5	0
1.0856	-5	0
1.08577	-5	0
1.08612	-5	0
1.08649	-5	0
1.08736	-5	0
1.08765	-5	0
1.08782	-5	0
1.08814	-5	0
1.08846	-5	0
1.08879	-5	0
1.0891	-5	0
1.0896	-5	0
1.09023	-5	0
1.09043	-5	0
1.09075	-5	0
1.09102	-5	0
1.09128	-5	0
1.09146	-5	0
1.09179	-5	0
1.09265	-5	0
1.09312	-5	0
1.09342	-5	0
1.0937	-5	0
1.09398	-5	0
1.09422	-5	0
1.09445	-5	0
1.09482	-5	0
1.09514	-5	0
1.09584	-5	0
1.09607	-5	0
1.09637	-5	0
1.09678	-5	0
1.09703	-5	0
1.09734	-5	0
1.09766	-5	0
1.09866	-5	0
1.09892	-5	0
1.09908	-5	0
1.09928	-5	0
1.09952	-5	0
1.09979	-5	0
1.10022	-5	0
1.10098	-5	0
1.10139	-5	0
1.10156	-5	0
1.10192	-5	0
1.10209	-5	0
1.10241	-5	0
1.10268	-5	0
1.103	-5	0
1.10384	-5	0
1.10414	-5	0
1.10442	-5	0
1.10469	-5	0
1.10501	-5	0
1.10533	-5	0
1.10566	-5	0
1.10598	-5	0
1.10661	-5	0
1.10719	-5	0
1.10749	-5	0
1.10776	-5	0
1.10804	-5	0
1.10831	-5	0
1.10862	-5	0
1.10876	-5	0
1.1091	-5	0
1.1099	-5	0
1.11007	-5	0
1.11036	-5	0
1.11065	-5	0
1.11096	-5	0
1.11126	-5	0
1.11158	-5	0
1.11245	-5	0
1.11281	-5	0
1.11304	-5	0
1.11334	-5	0
1.11367	-5	0
1.11393	-5	0
1.11417	-5	0
1.11448	-5	0
1.11539	-5	0
1.11569	-5	0
1.11594	-5	0
1.11625	-5	0
1.11648	-5	0
1.11678	-5	0
1.1171	-5	0
1.11747	-5	0
1.11825	-5	0
1.11862	-5	0
1.1188	-5	0
1.11907	-5	0
1.11933	-5	0
1.11973	-5	0
1.12005	-5	0
1.12077	-5	0
1.12125	-5	0
1.12146	-5	0
1.12168	-5	0
1.12202	-5	0
1.12225	-5	0
1.12252	-5	0
1.12291	-5	0
1.12377	-5	0
1.12409	-5	0
1.12432	-5	0
1.12461	-5	0
1.12491	-5	0
1.12524	-5	0
1.12551	-5	0
1.1264	-5	0
1.1267	-5	0
1.12698	-5	0
1.12735	-5	0
1.12764	-5	0
1.12783	-5	0
1.12816	-5	0
1.12842	-5	0
1.12927	-5	0
1.12957	-5	0
1.1298	-5	0
1.13023	-5	0
1.13049	-5	0
1.13066	-5	0
1.131	-5	0
1.13163	-5	0
1.13241	-5	0
1.13269	-5	0
1.13287	-5	0
1.13313	-5	0
1.13342	-5	0
1.13359	-5	0
1.13394	-5	0
1.13488	-5	0
1.13521	-5	0
1.1355	-5	0
1.13586	-5	0
1.13616	-5	0
1.13646	-5	0
1.13677	-5	0
1.1374	-5	0
1.13797	-5	0
1.13825	-5	0
1.13853	-5	0
1.13879	-5	0
1.13911	-5	0
1.1394	-5	0
1.13969	-5	0
1.14001	-5	0
1.14079	-5	0
1.14095	-5	0
1.14118	-5	0
1.14145	-5	0
1.14174	-5	0
1.14203	-5	0
1.14233	-5	0
1.14271	-5	0
1.14348	-5	0
1.14381	-5	0
1.14413	-5	0
1.14444	-5	0
1.14477	-5	0
1.14504	-5	0
1.14524	-5	0
1.14551	-5	0
1.14648	-5	0
1.1467	-5	0
1.14703	-5	0
1.14739	-5	0
1.14775	-5	0
1.14802	-5	0
1.14829	-5	0
1.14919	-5	0
1.14964	-5	0
1.14996	-5	0
1.15029	-5	0
1.15056	-5	0
1.15088	-5	0
1.15119	-5	0
1.15149	-5	0
1.15198	-5	0
1.15263	-5	0
1.1529	-5	0
1.15317	-5	0
1.15341	-5	0
1.15367	-5	0
1.15398	-5	0
1.15433	-5	0
1.15485	-5	0
1.15541	-5	0
1.15558	-5	0
1.15584	-5	0
1.15618	-5	0
1.15657	-5	0
1.15681	-5	0
1.15715	-5	0
1.15813	-5	0
1.15846	-5	0
1.15878	-5	0
1.15895	-5	0
1.15924	-5	0
1.15955	-5	0
1.15986	-5	0
1.16031	-5	0
1.16119	-5	0
1.16148	-5	0
1.16165	-5	0
1.16192	-5	0
1.16218	-5	0
1.16247	-5	0
1.16278	-5	0
1.16356	-5	0
1.16402	-5	0
1.16426	-5	0
1.16455	-5	0
1.1648	-5	0
1.16511	-5	0
1.16542	-5	0
1.16576	-5	0
1.16662	-5	0
1.16698	-5	0
1.16725	-5	0
1.16759	-5	0
1.16789	-5	0
1.1682	-5	0
1.16855	-5	0
1.16926	-5	0
1.16978	-5	0
1.17001	-5	0
1.17038	-5	0
1.17051	-5	0
1.17077	-5	0
1.17104	-5	0
1.17135	-5	0
1.17217	-5	0
1.17242	-5	0
1.17267	-5	0
1.17293	-5	0
1.17319	-5	0
1.1735	-5	0
1.17381	-5	0
1.17416	-5	0
1.17507	-5	0
1.17543	-5	0
1.1757	-5	0
1.17599	-5	0
1.17629	-5	0
1.17656	-5	0
1.1768	-5	0
1.1771	-5	0
1.17803	-5	0
1.17833	-5	0
1.1785	-5	0
1.17882	-5	0
1.17913	-5	0
1.17946	-5	0
1.17973	-5	0
1.17999	-5	0
1.18081	-5	0
1.18114	-5	0
1.18137	-5	0
1.18168	-5	0
1.182	-5	0
1.18233	-5	0
1.1825	-5	0
1.18329	-5	0
1.18386	-5	0
1.18412	-5	0
1.18439	-5	0
1.18456	-5	0
1.18488	-5	0
1.1852	-5	0
1.1855	-5	0
1.18643	-5	0
1.18676	-5	0
1.18706	-5	0
1.18737	-5	0
1.18768	-5	0
1.18799	-5	0
1.18824	-5	0
1.18882	-5	0
1.18952	-5	0
1.18972	-5	0
1.19005	-5	0
1.19022	-5	0
1.19054	-5	0
1.19078	-5	0
1.19108	-5	0
1.19211	-5	0
1.1924	-5	0
1.19271	-5	0
1.19303	-5	0
1.19319	-5	0
1.19344	-5	0
1.19375	-5	0
1.19406	-5	0
1.19499	-5	0
1.19535	-5	0
1.19558	-5	0
1.1959	-5	0
1.19623	-5	0
1.19639	-5	0
1.19671	-5	0
1.19711	-5	0
1.19791	-5	0
1.19819	-5	0
1.19836	-5	0
1.19866	-5	0
1.19901	-5	0
1.19932	-5	0
1.19964	-5	0
1.20053	-5	0
1.201	-5	0
1.20117	-5	0
1.20144	-5	0
1.20179	-5	0
1.20196	-5	0
1.20226	-5	0
1.20257	-5	0
1.20358	-5	0
1.20384	-5	0
1.20417	-5	0
1.20444	-5	0
1.20461	-5	0
1.20488	-5	0
1.20515	-5	0
1.20549	-5	0
1.20642	-5	0
1.20672	-5	0
1.20695	-5	0
1.20724	-5	0
1.20754	-5	0
1.20783	-5	0
1.20812	-5	0
1.20888	-5	0
1.2095	-5	0
1.20974	-5	0
1.20994	-5	0
1.2102	-5	0
1.21047	-5	0
1.21081	-5	0
1.21097	-5	0
1.21204	-5	0
1.21234	-5	0
1.21267	-5	0
1.21293	-5	0
1.21315	-5	0
1.21342	-5	0
1.21364	-5	0
1.21397	-5	0
1.2148	-5	0
1.21514	-5	0
1.21531	-5	0
1.21556	-5	0
1.21583	-5	0
1.21615	-5	0
1.21642	-5	0
1.21743	-5	0
1.21775	-5	0
1.21806	-5	0
1.21838	-5	0
1.21859	-5	0
1.21887	-5	0
1.21922	-5	0
1.21955	-5	0
1.22045	-5	0
1.22082	-5	0
1.22105	-5	0
1.22136	-5	0
1.22167	-5	0
1.22191	-5	0
1.22227	-5	0
1.22288	-5	0
1.22341	-5	0
1.22369	-5	0
1.22398	-5	0
1.22425	-5	0
1.22451	-5	0
1.22485	-5	0
1.22513	-5	0
1.22553	-5	0
1.2264	-5	0
1.22673	-5	0
1.227	-5	0
1.22728	-5	0
1.22756	-5	0
1.22785	-5	0
1.228	-5	0
1.22831	-5	0
1.22911	-5	0
1.22939	-5	0
1.2297	-5	0
1.22994	-5	0
1.23021	-5	0
1.2305	-5	0
1.2308	-5	0
1.23141	-5	0
1.23202	-5	0
1.23229	-5	0
1.23259	-5	0
1.23286	-5	0
1.23318	-5	0
1.23347	-5	0
1.23374	-5	0
1.23408	-5	0
1.23546	-5	0
1.23577	-5	0
1.23595	-5	0
1.23622	-5	0
1.23651	-5	0
1.2369	-5	0
1.23707	-5	0
1.23779	-5	0
1.2384	-5	0
1.23856	-5	0
1.23886	-5	0
1.23917	-5	0
1.23949	-5	0
1.23975	-5	0
1.24002	-5	0
1.24098	-5	0
1.24133	-5	0
1.2415	-5	0
1.24177	-5	0
1.24202	-5	0
1.24231	-5	0
1.24263	-5	0
1.24299	-5	0
1.24378	-5	0
1.24404	-5	0
1.24436	-5	0
1.24453	-5	0
1.24486	-5	0
1.24517	-5	0
1.2454	-5	0
1.24584	-5	0
1.24664	-5	0
1.24695	-5	0
1.24721	-5	0
1.24753	-5	0
1.24776	-5	0
1.24814	-5	0
1.24843	-5	0
1.24941	-5	0
1.24971	-5	0
1.25003	-5	0
1.25029	-5	0
1.25046	-5	0
1.25074	-5	0
1.25106	-5	0
1.25145	-5	0
1.25229	-5	0
1.25258	-5	0
1.25281	-5	0
1.2531	-5	0
1.25341	-5	0
1.25372	-5	0
1.25403	-5	0
1.25444	-5	0
1.25519	-5	0
1.25551	-5	0
1.25582	-5	0
1.25602	-5	0
1.25628	-5	0
1.2566	-5	0
1.25691	-5	0
1.25779	-5	0
1.25826	-5	0
1.25844	-5	0
1.25869	-5	0
1.25902	-5	0
1.25925	-5	0
1.25953	-5	0
1.25985	-5	0
1.26083	-5	0
1.2611	-5	0
1.26143	-5	0
1.26169	-5	0
1.26188	-5	0
1.26215	-5	0
1.26246	-5	0
1.26281	-5	0
1.26368	-5	0
1.264	-5	0
1.26423	-5	0
1.26457	-5	0
1.2649	-5	0
1.26507	-5	0
1.2654	-5	0
1.26576	-5	0
1.26647	-5	0
1.26686	-5	0
1.26716	-5	0
1.26743	-5	0
1.2677	-5	0
1.26798	-5	0
1.26827	-5	0
1.26916	-5	0
1.26964	-5	0
1.2699	-5	0
1.27007	-5	0
1.27039	-5	0
1.27065	-5	0
1.27089	-5	0
1.27126	-5	0
1.27224	-5	0
1.27258	-5	0
1.2729	-5	0
1.27322	-5	0
1.2734	-5	0
1.27367	-5	0
1.27406	-5	0
1.27433	-5	0
1.2752	-5	0
1.27564	-5	0
1.27591	-5	0
1.27625	-5	0
1.27642	-5	0
1.27679	-5	0
1.27712	-5	0
1.2773	-5	0
1.27832	-5	0
1.2786	-5	0
1.27896	-5	0
1.27919	-5	0
1.27951	-5	0
1.27975	-5	0
1.28011	-5	0
1.28067	-5	0
1.28125	-5	0
1.28151	-5	0
1.28179	-5	0
1.28206	-5	0
1.28232	-5	0
1.28265	-5	0
1.2829	-5	0
1.28321	-5	0
1.28388	-5	0
1.28408	-5	0
1.28443	-5	0
1.28474	-5	0
1.28487	-5	0
1.28525	-5	0
1.28541	-5	0
1.28617	-5	0
1.28681	-5	0
1.28708	-5	0
1.28734	-5	0
1.28751	-5	0
1.28777	-5	0
1.28811	-5	0
1.28843	-5	0
1.2894	-5	0
1.28971	-5	0
1.28997	-5	0
1.2903	-5	0
1.29056	-5	0
1.29082	-5	0
1.291	-5	0
1.29133	-5	0
1.29243	-5	0
1.29272	-5	0
1.29304	-5	0
1.29321	-5	0
1.29353	-5	0
1.29385	-5	0
1.29416	-5	0
1.29443	-5	0
1.29541	-5	0
1.29574	-5	0
1.29606	-5	0
1.29632	-5	0
1.2965	-5	0
1.29684	-5	0
1.29715	-5	0
1.29747	-5	0
1.29843	-5	0
1.29877	-5	0
1.29894	-5	0
1.29925	-5	0
1.29959	-5	0
1.29991	-5	0
1.30022	-5	0
1.30086	-5	0
1.3014	-5	0
1.30163	-5	0
1.30193	-5	0
1.30221	-5	0
1.30251	-5	0
1.30276	-5	0
1.30298	-5	0
1.30382	-5	0
1.30412	-5	0
1.30438	-5	0
1.30464	-5	0
1.30489	-5	0
1.30515	-5	0
1.30542	-5	0
1.30574	-5	0
1.30666	-5	0
1.30692	-5	0
1.30716	-5	0
1.30745	-5	0
1.30771	-5	0
1.30798	-5	0
1.30834	-5	0
1.30878	-5	0
1.30948	-5	0
1.30975	-5	0
1.30999	-5	0
1.31032	-5	0
1.31049	-5	0
1.31077	-5	0
1.31113	-5	0
1.31155	-5	0
1.31232	-5	0
1.31258	-5	0
1.31289	-5	0
1.31326	-5	0
1.31357	-5	0
1.31374	-5	0
1.31409	-5	0
1.3148	-5	0
1.31537	-5	0
1.3157	-5	0
1.31597	-5	0
1.3163	-5	0
1.31663	-5	0
1.3169	-5	0
1.31723	-5	0
1.31748	-5	0
1.31837	-5	0
1.31863	-5	0
1.31886	-5	0
1.31924	-5	0
1.31951	-5	0
1.31974	-5	0
1.31999	-5	0
1.3206	-5	0
1.32123	-5	0
1.32155	-5	0
1.32182	-5	0
1.32209	-5	0
1.32228	-5	0
1.32261	-5	0
1.32291	-5	0
1.32343	-5	0
1.32403	-5	0
1.3243	-5	0
1.32446	-5	0
1.32478	-5	0
1.32512	-5	0
1.32541	-5	0
1.32578	-5	0
1.32662	-5	0
1.32699	-5	0
1.3273	-5	0
1.32743	-5	0
1.32769	-5	0
1.32796	-5	0
1.32824	-5	0
1.32892	-5	0
1.32947	-5	0
1.32977	-5	0
1.33008	-5	0
1.33036	-5	0
1.33064	-5	0
1.33096	-5	0
1.33124	-5	0
1.3317	-5	0
1.33238	-5	0
1.33266	-5	0
1.33298	-5	0
1.33325	-5	0
1.33353	-5	0
1.33384	-5	0
1.33417	-5	0
1.33494	-5	0
1.33538	-5	0
1.33566	-5	0
1.33593	-5	0
1.33624	-5	0
1.33652	-5	0
1.33686	-5	0
1.33717	-5	0
1.33782	-5	0
1.33833	-5	0
1.33861	-5	0
1.33889	-5	0
1.33915	-5	0
1.33943	-5	0
1.33973	-5	0
1.33997	-5	0
1.34048	-5	0
1.34105	-5	0
1.34135	-5	0
1.34166	-5	0
1.34194	-5	0
1.34211	-5	0
1.34247	-5	0
1.3428	-5	0
1.34363	-5	0
1.34403	-5	0
1.34431	-5	0
1.34458	-5	0
1.34486	-5	0
1.34517	-5	0
1.34547	-5	0
1.3458	-5	0
1.34643	-5	0
1.3471	-5	0
1.34736	-5	0
1.34765	-5	0
1.34775	-5	0
1.34806	-5	0
1.34838	-5	0
1.34862	-5	0
1.34933	-5	0
1.34976	-5	0
1.35005	-5	0
1.35031	-5	0
1.35062	-5	0
1.35092	-5	0
1.35133	-5	0
1.35146	-5	0
1.35234	-5	0
1.35257	-5	0
1.35298	-5	0
1.35323	-5	0
1.35335	-5	0
1.35371	-5	0
1.35392	-5	0
1.35477	-5	0
1.35522	-5	0
1.35545	-5	0
1.35561	-5	0
1.35594	-5	0
1.35615	-5	0
1.35649	-5	0
1.35691	-5	0
1.35774	-5	0
1.35811	-5	0
1.35823	-5	0
1.35856	-5	0
1.35875	-5	0
1.35914	-5	0
1.3593	-5	0
1.35969	-5	0
1.36046	-5	0
1.36075	-5	0
1.36091	-5	0
1.36114	-5	0
1.36142	-5	0
1.36173	-5	0
1.36201	-5	0
1.36306	-5	0
1.36331	-5	0
1.36362	-5	0
1.36394	-5	0
1.36415	-5	0
1.3644	-5	0
1.36474	-5	0
1.36498	-5	0
1.36589	-5	0
1.36621	-5	0
1.36637	-5	0
1.36668	-5	0
1.367	-5	0
1.36717	-5	0
1.36748	-5	0
1.36793	-5	0
1.36872	-5	0
1.36888	-5	0
1.3691	-5	0
1.36941	-5	0
1.36964	-5	0
1.36996	-5	0
1.37028	-5	0
1.37122	-5	0
1.37152	-5	0
1.37179	-5	0
1.37211	-5	0
1.37243	-5	0
1.37267	-5	0
1.37301	-5	0
1.37336	-5	0
1.37431	-5	0
1.37463	-5	0
1.37499	-5	0
1.37531	-5	0
1.37558	-5	0
1.37577	-5	0
1.37609	-5	0
1.37652	-5	0
1.37736	-5	0
1.37753	-5	0
1.37782	-5	0
1.37808	-5	0
1.37834	-5	0
1.37874	-5	0
1.37899	-5	0
1.37974	-5	0
1.38028	-5	0
1.38055	-5	0
1.38071	-5	0
1.38101	-5	0
1.38136	-5	0
1.38168	-5	0
1.38199	-5	0
1.38293	-5	0
1.38322	-5	0
1.38355	-5	0
1.38372	-5	0
1.38399	-5	0
1.38426	-5	0
1.38456	-5	0
1.38488	-5	0
1.38573	-5	0
1.38607	-5	0
1.3863	-5	0
1.38659	-5	0
1.38688	-5	0
1.38725	-5	0
1.38756	-5	0
1.38807	-5	0
1.38867	-5	0
1.38895	-5	0
1.38926	-5	0
1.38958	-5	0
1.38989	-5	0
1.39022	-5	0
1.39052	-5	0
1.39077	-5	0
1.3917	-5	0
1.39197	-5	0
1.39215	-5	0
1.3925	-5	0
1.39266	-5	0
1.39294	-5	0
1.39323	-5	0
1.39385	-5	0
1.39453	-5	0
1.39468	-5	0
1.39495	-5	0
1.39522	-5	0
1.3955	-5	0
1.3958	-5	0
1.39607	-5	0
1.3969	-5	0
1.39718	-5	0
1.39746	-5	0
1.39774	-5	0
1.39802	-5	0
1.39831	-5	0
1.39861	-5	0
1.39879	-5	0
1.39975	-5	0
1.40011	-5	0
1.40028	-5	0
1.4006	-5	0
1.40083	-5	0
1.40121	-5	0
1.40149	-5	0
1.40195	-5	0
1.40266	-5	0
1.40294	-5	0
1.40323	-5	0
1.40353	-5	0
1.40381	-5	0
1.40415	-5	0
1.40444	-5	0
1.40539	-5	0
1.40573	-5	0
1.40596	-5	0
1.40629	-5	0
1.40657	-5	0
1.40686	-5	0
1.40717	-5	0
1.4078	-5	0
1.40843	-5	0
1.40866	-5	0
1.40896	-5	0
1.40928	-5	0
1.4095	-5	0
1.40986	-5	0
1.41007	-5	0
1.41102	-5	0
1.41129	-5	0
1.41157	-5	0
1.4119	-5	0
1.41217	-5	0
1.41247	-5	0
1.41273	-5	0
1.41306	-5	0
1.41399	-5	0
1.41432	-5	0
1.4146	-5	0
1.41491	-5	0
1.41518	-5	0
1.41535	-5	0
1.41566	-5	0
1.41607	-5	0
1.41685	-5	0
1.41722	-5	0
1.41749	-5	0
1.41766	-5	0
1.41799	-5	0
1.41823	-5	0
1.41857	-5	0
1.41925	-5	0
1.41977	-5	0
1.42005	-5	0
1.42031	-5	0
1.42057	-5	0
1.4209	-5	0
1.42119	-5	0
1.42148	-5	0
1.42242	-5	0
1.42272	-5	0
1.42304	-5	0
1.42321	-5	0
1.4235	-5	0
1.42378	-5	0
1.4241	-5	0
1.42471	-5	0
1.42539	-5	0
1.42554	-5	0
1.4258	-5	0
1.42613	-5	0
1.4263	-5	0
1.42661	-5	0
1.42693	-5	0
1.42779	-5	0
1.42827	-5	0
1.42854	-5	0
1.42871	-5	0
1.42901	-5	0
1.42932	-5	0
1.42961	-5	0
1.42996	-5	0
1.43076	-5	0
1.43105	-5	0
1.43139	-5	0
1.43159	-5	0
1.43195	-5	0
1.43213	-5	0
1.43244	-5	0
1.43318	-5	0
1.43366	-5	0
1.43389	-5	0
1.43415	-5	0
1.43443	-5	0
1.43469	-5	0
1.435	-5	0
1.43533	-5	0
1.43626	-5	0
1.43649	-5	0
1.4367	-5	0
1.43699	-5	0
1.43727	-5	0
1.43756	-5	0
1.43788	-5	0
1.43848	-5	0
1.43915	-5	0
1.4394	-5	0
1.43955	-5	0
1.43986	-5	0
1.4402	-5	0
1.44053	-5	0
1.44084	-5	0
1.44178	-5	0
1.44217	-5	0
1.4424	-5	0
1.44265	-5	0
1.44294	-5	0
1.4431	-5	0
1.44343	-5	0
1.44375	-5	0
1.4445	-5	0
1.44486	-5	0
1.44501	-5	0
1.4453	-5	0
1.44554	-5	0
1.44583	-5	0
1.44615	-5	0
1.44684	-5	0
1.44739	-5	0
1.44771	-5	0
1.44797	-5	0
1.44814	-5	0
1.44844	-5	0
1.44874	-5	0
1.44911	-5	0
1.45009	-5	0
1.45037	-5	0
1.45069	-5	0
1.45085	-5	0
1.45116	-5	0
1.45146	-5	0
1.45178	-5	0
1.45203	-5	0
1.45293	-5	0
1.45317	-5	0
1.45351	-5	0
1.45373	-5	0
1.45399	-5	0
1.4543	-5	0
1.4547	-5	0
1.45568	-5	0
1.45593	-5	0
1.45626	-5	0
1.45649	-5	0
1.45678	-5	0
1.45709	-5	0
1.45742	-5	0
1.45777	-5	0
1.4585	-5	0
1.45883	-5	0
1.45915	-5	0
1.45939	-5	0
1.45972	-5	0
1.45997	-5	0
1.46032	-5	0
1.46098	-5	0
1.46151	-5	0
1.46183	-5	0
1.46209	-5	0
1.46226	-5	0
1.46255	-5	0
1.46286	-5	0
1.46317	-5	0
1.46398	-5	0
1.46436	-5	0
1.46464	-5	0
1.46491	-5	0
1.46519	-5	0
1.46551	-5	0
1.4658	-5	0
1.46612	-5	0
1.46655	-5	0
1.46722	-5	0
1.46744	-5	0
1.4677	-5	0
1.46796	-5	0
1.46822	-5	0
1.46853	-5	0
1.46888	-5	0
1.4695	-5	0
1.46991	-5	0
1.4702	-5	0
1.4705	-5	0
1.47078	-5	0
1.47111	-5	0
1.47136	-5	0
1.47171	-5	0
1.47269	-5	0
1.473	-5	0
1.47323	-5	0
1.47356	-5	0
1.47388	-5	0
1.47408	-5	0
1.47439	-5	0
1.47474	-5	0
1.47551	-5	0
1.47587	-5	0
1.47603	-5	0
1.47631	-5	0
1.47662	-5	0
1.47694	-5	0
1.47727	-5	0
1.47773	-5	0
1.47846	-5	0
1.47877	-5	0
1.47894	-5	0
1.47926	-5	0
1.47954	-5	0
1.47986	-5	0
1.4801	-5	0
1.48105	-5	0
1.48141	-5	0
1.48168	-5	0
1.48195	-5	0
1.4822	-5	0
1.48249	-5	0
1.48277	-5	0
1.48306	-5	0
1.48353	-5	0
1.48419	-5	0
1.48441	-5	0
1.48472	-5	0
1.48498	-5	0
1.48533	-5	0
1.48568	-5	0
1.48598	-5	0
1.48695	-5	0
1.48724	-5	0
1.48761	-5	0
1.48785	-5	0
1.48811	-5	0
1.48842	-5	0
1.4887	-5	0
1.48904	-5	0
1.48996	-5	0
1.49026	-5	0
1.49049	-5	0
1.49086	-5	0
1.49109	-5	0
1.49139	-5	0
1.49172	-5	0
1.49208	-5	0
1.49282	-5	0
1.49312	-5	0
1.49343	-5	0
1.49368	-5	0
1.49402	-5	0
1.49434	-5	0
1.49457	-5	0
1.49528	-5	0
1.49585	-5	0
1.49609	-5	0
1.49638	-5	0
1.49668	-5	0
1.497	-5	0
1.49732	-5	0
1.49759	-5	0
1.49848	-5	0
1.4988	-5	0
1.49905	-5	0
1.49938	-5	0
1.49971	-5	0
1.5	-5	0
1.5003	-5	0
1.50056	-5	0
1.50138	-5	0
1.50166	-5	0
1.50204	-5	0
1.50224	-5	0
1.50256	-5	0
1.50283	-5	0
1.50314	-5	0
1.50336	-5	0
1.50435	-5	0
1.50465	-5	0
1.50496	-5	0
1.50528	-5	0
1.50554	-5	0
1.50571	-5	0
1.50602	-5	0
1.50626	-5	0
1.5072	-5	0
1.50747	-5	0
1.5077	-5	0
1.50802	-5	0
1.50825	-5	0
1.50856	-5	0
1.50889	-5	0
1.50925	-5	0
1.51001	-5	0
1.5103	-5	0
1.5106	-5	0
1.51086	-5	0
1.5112	-5	0
1.51144	-5	0
1.51179	-5	0
1.51252	-5	0
1.51301	-5	0
1.51333	-5	0
1.51366	-5	0
1.51393	-5	0
1.51426	-5	0
1.51455	-5	0
1.51485	-5	0
1.5152	-5	0
1.51604	-5	0
1.51622	-5	0
1.51649	-5	0
1.51675	-5	0
1.51701	-5	0
1.51717	-5	0
1.51751	-5	0
1.51816	-5	0
1.51871	-5	0
1.51893	-5	0
1.51913	-5	0
1.51945	-5	0
1.51972	-5	0
1.51992	-5	0
1.52023	-5	0
1.52103	-5	0
1.5214	-5	0
1.52167	-5	0
1.52201	-5	0
1.52228	-5	0
1.52262	-5	0
1.5229	-5	0
1.52318	-5	0
1.52402	-5	0
1.52436	-5	0
1.52469	-5	0
1.52486	-5	0
1.52516	-5	0
1.5255	-5	0
1.52573	-5	0
1.52606	-5	0
1.52696	-5	0
1.52728	-5	0
1.52751	-5	0
1.52779	-5	0
1.52806	-5	0
1.52835	-5	0
1.52862	-5	0
1.52953	-5	0
1.52987	-5	0
1.5302	-5	0
1.53048	-5	0
1.53075	-5	0
1.53102	-5	0
1.53119	-5	0
1.53146	-5	0
1.53229	-5	0
1.53281	-5	0
1.53307	-5	0
1.53333	-5	0
1.5335	-5	0
1.5338	-5	0
1.53411	-5	0
1.53444	-5	0
1.53533	-5	0
1.53558	-5	0
1.53587	-5	0
1.5361	-5	0
1.53636	-5	0
1.53672	-5	0
1.53696	-5	0
1.53792	-5	0
1.53831	-5	0
1.53853	-5	0
1.53878	-5	0
1.53904	-5	0
1.53934	-5	0
1.53965	-5	0
1.53995	-5	0
1.54073	-5	0
1.54108	-5	0
1.54136	-5	0
1.54164	-5	0
1.54188	-5	0
1.5421	-5	0
1.54241	-5	0
1.54271	-5	0
1.54337	-5	0
1.54386	-5	0
1.54413	-5	0
1.54439	-5	0
1.54471	-5	0
1.54498	-5	0
1.54517	-5	0
1.54546	-5	0
1.54623	-5	0
1.54672	-5	0
1.54704	-5	0
1.5473	-5	0
1.54757	-5	0
1.54774	-5	0
1.54808	-5	0
1.54839	-5	0
1.54928	-5	0
1.5496	-5	0
1.5499	-5	0
1.55019	-5	0
1.5505	-5	0
1.55088	-5	0
1.55106	-5	0
1.5514	-5	0
1.55222	-5	0
1.55255	-5	0
1.55278	-5	0
1.55314	-5	0
1.55353	-5	0
1.5537	-5	0
1.55407	-5	0
1.55441	-5	0
1.55517	-5	0
1.55545	-5	0
1.55576	-5	0
1.55601	-5	0
1.55627	-5	0
1.55657	-5	0
1.55689	-5	0
1.55749	-5	0
1.5581	-5	0
1.55827	-5	0
1.55861	-5	0
1.55883	-5	0
1.5592	-5	0
1.55954	-5	0
1.55985	-5	0
1.56076	-5	0
1.56109	-5	0
1.56132	-5	0
1.56159	-5	0
1.56188	-5	0
1.56219	-5	0
1.56247	-5	0
1.56302	-5	0
1.56374	-5	0
1.56401	-5	0
1.56427	-5	0
1.56454	-5	0
1.56471	-5	0
1.56504	-5	0
1.56535	-5	0
1.56625	-5	0
1.56671	-5	0
1.56699	-5	0
1.56716	-5	0
1.56742	-5	0
1.5677	-5	0
1.56803	-5	0
1.56834	-5	0
1.56918	-5	0
1.56943	-5	0
1.5697	-5	0
1.56999	-5	0
1.57032	-5	0
1.57062	-5	0
1.57093	-5	0
1.57126	-5	0
1.57203	-5	0
1.57233	-5	0
1.57262	-5	0
1.57288	-5	0
1.573	-5	0
1.57327	-5	0
1.57358	-5	0
1.57385	-5	0
1.57524	-5	0
1.5758	-5	0
1.57605	-5	0
1.57631	-5	0
1.57656	-5	0
1.57682	-5	0
1.57713	-5	0
1.57743	-5	0
1.57832	-5	0
1.57862	-5	0
1.57884	-5	0
1.57911	-5	0
1.57942	-5	0
1.57974	-5	0
1.58005	-5	0
1.58064	-5	0
1.58134	-5	0
1.58161	-5	0
1.58187	-5	0
1.58211	-5	0
1.58239	-5	0
1.58274	-5	0
1.58306	-5	0
1.58391	-5	0
1.58429	-5	0
1.58457	-5	0
1.58484	-5	0
1.58501	-5	0
1.58538	-5	0
1.58562	-5	0
1.58588	-5	0
1.58668	-5	0
1.58714	-5	0
1.58742	-5	0
1.58777	-5	0
1.58809	-5	0
1.58832	-5	0
1.58862	-5	0
1.58893	-5	0
1.58982	-5	0
1.59009	-5	0
1.59041	-5	0
1.59073	-5	0
1.59088	-5	0
1.59122	-5	0
1.59148	-5	0
1.59196	-5	0
1.59258	-5	0
1.59282	-5	0
1.59314	-5	0
1.59346	-5	0
1.5937	-5	0
1.59401	-5	0
1.59435	-5	0
1.5953	-5	0
1.59562	-5	0
1.59597	-5	0
1.5962	-5	0
1.59654	-5	0
1.5968	-5	0
1.59708	-5	0
1.59742	-5	0
1.59834	-5	0
1.59864	-5	0
1.59886	-5	0
1.59916	-5	0
1.59946	-5	0
1.59977	-5	0
1.60009	-5	0
1.60045	-5	0
1.6012	-5	0
1.6015	-5	0
1.6018	-5	0
1.60204	-5	0
1.60234	-5	0
1.60268	-5	0
1.60299	-5	0
1.60386	-5	0
1.60432	-5	0
1.60459	-5	0
1.60476	-5	0
1.60508	-5	0
1.60532	-5	0
1.60566	-5	0
1.60594	-5	0
1.60695	-5	0
1.60725	-5	0
1.60757	-5	0
1.60784	-5	0
1.608	-5	0
1.60833	-5	0
1.60864	-5	0
1.60896	-5	0
1.60987	-5	0
1.61013	-5	0
1.6104	-5	0
1.61065	-5	0
1.61093	-5	0
1.61125	-5	0
1.61154	-5	0
1.61225	-5	0
1.61281	-5	0
1.61304	-5	0
1.61337	-5	0
1.61367	-5	0
1.61398	-5	0
1.61425	-5	0
1.6145	-5	0
1.61552	-5	0
1.61578	-5	0
1.61608	-5	0
1.61641	-5	0
1.61659	-5	0
1.61685	-5	0
1.61713	-5	0
1.61748	-5	0
1.61837	-5	0
1.61867	-5	0
1.619	-5	0
1.61921	-5	0
1.6195	-5	0
1.6198	-5	0
1.6201	-5	0
1.62063	-5	0
1.6213	-5	0
1.62153	-5	0
1.62183	-5	0
1.62215	-5	0
1.62239	-5	0
1.6227	-5	0
1.62301	-5	0
1.62398	-5	0
1.62429	-5	0
1.62459	-5	0
1.62492	-5	0
1.62509	-5	0
1.62535	-5	0
1.62565	-5	0
1.62597	-5	0
1.62683	-5	0
1.62718	-5	0
1.62744	-5	0
1.62777	-5	0
1.62793	-5	0
1.62821	-5	0
1.62857	-5	0
1.62912	-5	0
1.62986	-5	0
1.63002	-5	0
1.63035	-5	0
1.63058	-5	0
1.63088	-5	0
1.63124	-5	0
1.63148	-5	0
1.6325	-5	0
1.6328	-5	0
1.63305	-5	0
1.63336	-5	0
1.63369	-5	0
1.63386	-5	0
1.6342	-5	0
1.63455	-5	0
1.6354	-5	0
1.6357	-5	0
1.636	-5	0
1.63631	-5	0
1.63656	-5	0
1.63682	-5	0
1.63717	-5	0
1.63747	-5	0
1.63799	-5	0
1.63855	-5	0
1.63881	-5	0
1.63906	-5	0
1.63935	-5	0
1.63962	-5	0
1.63994	-5	0
1.64012	-5	0
1.64123	-5	0
1.6415	-5	0
1.64183	-5	0
1.64209	-5	0
1.64226	-5	0
1.64255	-5	0
1.64287	-5	0
1.64318	-5	0
1.64407	-5	0
1.64436	-5	0
1.64468	-5	0
1.64501	-5	0
1.64518	-5	0
1.64557	-5	0
1.64575	-5	0
1.64614	-5	0
1.64691	-5	0
1.64717	-5	0
1.64746	-5	0
1.64773	-5	0
1.648	-5	0
1.64825	-5	0
1.64858	-5	0
1.64956	-5	0
1.64993	-5	0
1.65026	-5	0
1.65043	-5	0
1.65075	-5	0
1.65105	-5	0
1.65139	-5	0
1.6516	-5	0
1.65259	-5	0
1.65291	-5	0
1.65317	-5	0
1.6534	-5	0
1.65373	-5	0
1.654	-5	0
1.65418	-5	0
1.65452	-5	0
1.65543	-5	0
1.65575	-5	0
1.656	-5	0
1.65626	-5	0
1.65649	-5	0
1.65686	-5	0
1.6572	-5	0
1.65745	-5	0
1.65824	-5	0
1.65857	-5	0
1.6588	-5	0
1.65913	-5	0
1.65948	-5	0
1.65988	-5	0
1.66006	-5	0
1.66086	-5	0
1.66149	-5	0
1.66181	-5	0
1.66209	-5	0
1.66237	-5	0
1.66264	-5	0
1.66294	-5	0
1.66327	-5	0
1.66367	-5	0
1.66433	-5	0
1.6646	-5	0
1.66477	-5	0
1.66502	-5	0
1.66515	-5	0
1.6655	-5	0
1.66571	-5	0
1.66681	-5	0
1.66711	-5	0
1.6674	-5	0
1.66766	-5	0
1.66787	-5	0
1.66823	-5	0
1.6684	-5	0
1.66869	-5	0
1.66966	-5	0
1.67002	-5	0
1.67029	-5	0
1.6706	-5	0
1.67092	-5	0
1.67127	-5	0
1.67165	-5	0
1.67193	-5	0
1.67292	-5	0
1.67311	-5	0
1.67344	-5	0
1.67375	-5	0
1.67408	-5	0
1.67428	-5	0
1.67467	-5	0
1.6748	-5	0
1.67576	-5	0
1.67604	-5	0
1.67635	-5	0
1.67658	-5	0
1.67696	-5	0
1.67727	-5	0
1.67751	-5	0
1.67836	-5	0
1.67867	-5	0
1.67896	-5	0
1.67922	-5	0
1.67945	-5	0
1.67977	-5	0
1.68003	-5	0
1.68033	-5	0
1.68136	-5	0
1.68158	-5	0
1.6819	-5	0
1.68222	-5	0
1.68252	-5	0
1.68286	-5	0
1.68304	-5	0
1.68338	-5	0
1.6843	-5	0
1.68457	-5	0
1.68493	-5	0
1.68514	-5	0
1.68544	-5	0
1.68576	-5	0
1.68608	-5	0
1.68638	-5	0
1.68724	-5	0
1.68759	-5	0
1.68785	-5	0
1.68812	-5	0
1.68829	-5	0
1.6886	-5	0
1.68891	-5	0
1.68956	-5	0
1.69016	-5	0
1.69043	-5	0
1.6907	-5	0
1.69091	-5	0
1.69122	-5	0
1.69156	-5	0
1.69187	-5	0
1.69281	-5	0
1.6931	-5	0
1.69339	-5	0
1.69375	-5	0
1.69402	-5	0
1.69433	-5	0
1.69466	-5	0
1.69488	-5	0
1.69575	-5	0
1.696	-5	0
1.69627	-5	0
1.69654	-5	0
1.69681	-5	0
1.6971	-5	0
1.69744	-5	0
1.69815	-5	0
1.69867	-5	0
1.69894	-5	0
1.69911	-5	0
1.6994	-5	0
1.6997	-5	0
1.70002	-5	0
1.7003	-5	0
1.70127	-5	0
1.70154	-5	0
1.70177	-5	0
1.70205	-5	0
1.70234	-5	0
1.70269	-5	0
1.70301	-5	0
1.70338	-5	0
1.7042	-5	0
1.70437	-5	0
1.70466	-5	0
1.70498	-5	0
1.7053	-5	0
1.70557	-5	0
1.70586	-5	0
1.70642	-5	0
1.70704	-5	0
1.70738	-5	0
1.70765	-5	0
1.70792	-5	0
1.70823	-5	0
1.7085	-5	0
1.70883	-5	0
1.70913	-5	0
1.70993	-5	0
1.7102	-5	0
1.71038	-5	0
1.71061	-5	0
1.71087	-5	0
1.71116	-5	0
1.71145	-5	0
1.71205	-5	0
1.71267	-5	0
1.71295	-5	0
1.71323	-5	0
1.7135	-5	0
1.71376	-5	0
1.71409	-5	0
1.71441	-5	0
1.71481	-5	0
1.71567	-5	0
1.71595	-5	0
1.71621	-5	0
1.71639	-5	0
1.71673	-5	0
1.71705	-5	0
1.71733	-5	0
1.71821	-5	0
1.71859	-5	0
1.71892	-5	0
1.7192	-5	0
1.71946	-5	0
1.71979	-5	0
1.72013	-5	0
1.72047	-5	0
1.72101	-5	0
1.72168	-5	0
1.72185	-5	0
1.72209	-5	0
1.72239	-5	0
1.72255	-5	0
1.72289	-5	0
1.7231	-5	0
1.72388	-5	0
1.72444	-5	0
1.72461	-5	0
1.72493	-5	0
1.72525	-5	0
1.72555	-5	0
1.72572	-5	0
1.72607	-5	0
1.72704	-5	0
1.72736	-5	0
1.72762	-5	0
1.72786	-5	0
1.72815	-5	0
1.72849	-5	0
1.72873	-5	0
1.72901	-5	0
1.72997	-5	0
1.73026	-5	0
1.73049	-5	0
1.73091	-5	0
1.73107	-5	0
1.73138	-5	0
1.73169	-5	0
1.7324	-5	0
1.73299	-5	0
1.73316	-5	0
1.73342	-5	0
1.73371	-5	0
1.73396	-5	0
1.73425	-5	0
1.73457	-5	0
1.73556	-5	0
1.73586	-5	0
1.73619	-5	0
1.73653	-5	0
1.73683	-5	0
1.7371	-5	0
1.73744	-5	0
1.73776	-5	0
1.73829	-5	0
1.73888	-5	0
1.73911	-5	0
1.73947	-5	0
1.73974	-5	0
1.74005	-5	0
1.74039	-5	0
1.74063	-5	0
1.74148	-5	0
1.74174	-5	0
1.74199	-5	0
1.74229	-5	0
1.74252	-5	0
1.74279	-5	0
1.74312	-5	0
1.74343	-5	0
1.74432	-5	0
1.7447	-5	0
1.74497	-5	0
1.74531	-5	0
1.74561	-5	0
1.74593	-5	0
1.74625	-5	0
1.74696	-5	0
1.7475	-5	0
1.74777	-5	0
1.7481	-5	0
1.74836	-5	0
1.74867	-5	0
1.74899	-5	0
1.7492	-5	0
1.75002	-5	0
1.75044	-5	0
1.75076	-5	0
1.75108	-5	0
1.75134	-5	0
1.75166	-5	0
1.75191	-5	0
1.75218	-5	0
1.75294	-5	0
1.75341	-5	0
1.75367	-5	0
1.75392	-5	0
1.75418	-5	0
1.75446	-5	0
1.75482	-5	0
1.75514	-5	0
1.7559	-5	0
1.75629	-5	0
1.75662	-5	0
1.75688	-5	0
1.75705	-5	0
1.75731	-5	0
1.75763	-5	0
1.75794	-5	0
1.75889	-5	0
1.75922	-5	0
1.75949	-5	0
1.75987	-5	0
1.76018	-5	0
1.76048	-5	0
1.76076	-5	0
1.76109	-5	0
1.76198	-5	0
1.76231	-5	0
1.76263	-5	0
1.7628	-5	0
1.7631	-5	0
1.76344	-5	0
1.76375	-5	0
1.76415	-5	0
1.76492	-5	0
1.76518	-5	0
1.76551	-5	0
1.76576	-5	0
1.76609	-5	0
1.76637	-5	0
1.76672	-5	0
1.76758	-5	0
1.76797	-5	0
1.76828	-5	0
1.76855	-5	0
1.76882	-5	0
1.76907	-5	0
1.76939	-5	0
1.76966	-5	0
1.77059	-5	0
1.7709	-5	0
1.77123	-5	0
1.7714	-5	0
1.77168	-5	0
1.77202	-5	0
1.7723	-5	0
1.77262	-5	0
1.77343	-5	0
1.77371	-5	0
1.77397	-5	0
1.77424	-5	0
1.77443	-5	0
1.77479	-5	0
1.77498	-5	0
1.7753	-5	0
1.7763	-5	0
1.7766	-5	0
1.77683	-5	0
1.77708	-5	0
1.77743	-5	0
1.77774	-5	0
1.77791	-5	0
1.77821	-5	0
1.77911	-5	0
1.77946	-5	0
1.77977	-5	0
1.78003	-5	0
1.7803	-5	0
1.78059	-5	0
1.78089	-5	0
1.78119	-5	0
1.78202	-5	0
1.78232	-5	0
1.78264	-5	0
1.78281	-5	0
1.78311	-5	0
1.78341	-5	0
1.78375	-5	0
1.78414	-5	0
1.78494	-5	0
1.78526	-5	0
1.78563	-5	0
1.78583	-5	0
1.78615	-5	0
1.78642	-5	0
1.78666	-5	0
1.78755	-5	0
1.78792	-5	0
1.78824	-5	0
1.78849	-5	0
1.78889	-5	0
1.78907	-5	0
1.78932	-5	0
1.78963	-5	0
1.79058	-5	0
1.79088	-5	0
1.79113	-5	0
1.79143	-5	0
1.79167	-5	0
1.79202	-5	0
1.79226	-5	0
1.79271	-5	0
1.79348	-5	0
1.79378	-5	0
1.79407	-5	0
1.79438	-5	0
1.79461	-5	0
1.79492	-5	0
1.79523	-5	0
1.7963	-5	0
1.79656	-5	0
1.79689	-5	0
1.79716	-5	0
1.79733	-5	0
1.7976	-5	0
1.79788	-5	0
1.79816	-5	0
1.79904	-5	0
1.79927	-5	0
1.79957	-5	0
1.7998	-5	0
1.80008	-5	0
1.80041	-5	0
1.80069	-5	0
1.80165	-5	0
1.80202	-5	0
1.80234	-5	0
1.80254	-5	0
1.80279	-5	0
1.80304	-5	0
1.80334	-5	0
1.80364	-5	0
1.80465	-5	0
1.80501	-5	0
1.80533	-5	0
1.80562	-5	0
1.8059	-5	0
1.80617	-5	0
1.80645	-5	0
1.80677	-5	0
1.80758	-5	0
1.80792	-5	0
1.80818	-5	0
1.8085	-5	0
1.80876	-5	0
1.809	-5	0
1.80937	-5	0
1.80966	-5	0
1.81061	-5	0
1.81098	-5	0
1.81114	-5	0
1.81147	-5	0
1.81178	-5	0
1.81196	-5	0
1.81229	-5	0
1.81273	-5	0
1.81345	-5	0
1.81378	-5	0
1.81396	-5	0
1.81423	-5	0
1.81457	-5	0
1.81485	-5	0
1.81512	-5	0
1.8161	-5	0
1.81648	-5	0
1.81679	-5	0
1.81708	-5	0
1.81735	-5	0
1.8176	-5	0
1.81792	-5	0
1.81824	-5	0
1.8186	-5	0
1.81928	-5	0
1.81954	-5	0
1.81981	-5	0
1.82007	-5	0
1.82029	-5	0
1.82065	-5	0
1.82085	-5	0
1.82174	-5	0
1.82211	-5	0
1.82238	-5	0
1.8226	-5	0
1.82286	-5	0
1.8232	-5	0
1.82354	-5	0
1.82372	-5	0
1.82477	-5	0
1.82502	-5	0
1.82528	-5	0
1.82546	-5	0
1.82569	-5	0
1.82604	-5	0
1.82628	-5	0
1.82668	-5	0
1.82747	-5	0
1.82778	-5	0
1.82811	-5	0
1.82828	-5	0
1.82855	-5	0
1.82887	-5	0
1.82921	-5	0
1.82997	-5	0
1.83054	-5	0
1.83071	-5	0
1.831	-5	0
1.83135	-5	0
1.83158	-5	0
1.83185	-5	0
1.83217	-5	0
1.8331	-5	0
1.83343	-5	0
1.83369	-5	0
1.83394	-5	0
1.8342	-5	0
1.83446	-5	0
1.83478	-5	0
1.83516	-5	0
1.83591	-5	0
1.83623	-5	0
1.83651	-5	0
1.83678	-5	0
1.83705	-5	0
1.83736	-5	0
1.83769	-5	0
1.83794	-5	0
1.83889	-5	0
1.83916	-5	0
1.83943	-5	0
1.8396	-5	0
1.83985	-5	0
1.84016	-5	0
1.84047	-5	0
1.8412	-5	0
1.84176	-5	0
1.84204	-5	0
1.84231	-5	0
1.84259	-5	0
1.84276	-5	0
1.8431	-5	0
1.84339	-5	0
1.84437	-5	0
1.8447	-5	0
1.84497	-5	0
1.84533	-5	0
1.8456	-5	0
1.84587	-5	0
1.84616	-5	0
1.84644	-5	0
1.84706	-5	0
1.84765	-5	0
1.84798	-5	0
1.8483	-5	0
1.84852	-5	0
1.84874	-5	0
1.84904	-5	0
1.84939	-5	0
1.84964	-5	0
1.85038	-5	0
1.85058	-5	0
1.85082	-5	0
1.85112	-5	0
1.85143	-5	0
1.85166	-5	0
1.85198	-5	0
1.85304	-5	0
1.85335	-5	0
1.85367	-5	0
1.85394	-5	0
1.8542	-5	0
1.85438	-5	0
1.8547	-5	0
1.85503	-5	0
1.85592	-5	0
1.85629	-5	0
1.85657	-5	0
1.85685	-5	0
1.85711	-5	0
1.85731	-5	0
1.85764	-5	0
1.85781	-5	0
1.85887	-5	0
1.85919	-5	0
1.85945	-5	0
1.85975	-5	0
1.86002	-5	0
1.8602	-5	0
1.86051	-5	0
1.86083	-5	0
1.8617	-5	0
1.86199	-5	0
1.86226	-5	0
1.86256	-5	0
1.86289	-5	0
1.86323	-5	0
1.8634	-5	0
1.86422	-5	0
1.8647	-5	0
1.86497	-5	0
1.86524	-5	0
1.8655	-5	0
1.86568	-5	0
1.86602	-5	0
1.86632	-5	0
1.86724	-5	0
1.86756	-5	0
1.86786	-5	0
1.86823	-5	0
1.8684	-5	0
1.86871	-5	0
1.86898	-5	0
1.86933	-5	0
1.87018	-5	0
1.87051	-5	0
1.87074	-5	0
1.87108	-5	0
1.87131	-5	0
1.87162	-5	0
1.87194	-5	0
1.87257	-5	0
1.87316	-5	0
1.87343	-5	0
1.8736	-5	0
1.87393	-5	0
1.87418	-5	0
1.87451	-5	0
1.87482	-5	0
1.87583	-5	0
1.87615	-5	0
1.87647	-5	0
1.87675	-5	0
1.87692	-5	0
1.87719	-5	0
1.87749	-5	0
1.87774	-5	0
1.87872	-5	0
1.87898	-5	0
1.87926	-5	0
1.87958	-5	0
1.87984	-5	0
1.8801	-5	0
1.88043	-5	0
1.88068	-5	0
1.88145	-5	0
1.88175	-5	0
1.88208	-5	0
1.88231	-5	0
1.88261	-5	0
1.88289	-5	0
1.88324	-5	0
1.88376	-5	0
1.88445	-5	0
1.88472	-5	0
1.88492	-5	0
1.88519	-5	0
1.88553	-5	0
1.88584	-5	0
1.88617	-5	0
1.88717	-5	0
1.88747	-5	0
1.8878	-5	0
1.88796	-5	0
1.88827	-5	0
1.88857	-5	0
1.88889	-5	0
1.88923	-5	0
1.89008	-5	0
1.8904	-5	0
1.89056	-5	0
1.8909	-5	0
1.8912	-5	0
1.8915	-5	0
1.89181	-5	0
1.8922	-5	0
1.89296	-5	0
1.89326	-5	0
1.89346	-5	0
1.8938	-5	0
1.89403	-5	0
1.89443	-5	0
1.89476	-5	0
1.89552	-5	0
1.896	-5	0
1.89626	-5	0
1.89652	-5	0
1.89668	-5	0
1.89691	-5	0
1.89725	-5	0
1.89762	-5	0
1.89866	-5	0
1.8989	-5	0
1.89905	-5	0
1.89932	-5	0
1.89963	-5	0
1.89992	-5	0
1.90023	-5	0
1.90083	-5	0
1.90143	-5	0
1.9016	-5	0
1.90187	-5	0
1.90216	-5	0
1.90242	-5	0
1.90267	-5	0
1.90298	-5	0
1.90402	-5	0
1.90432	-5	0
1.90454	-5	0
1.90482	-5	0
1.9051	-5	0
1.90542	-5	0
1.90574	-5	0
1.90646	-5	0
1.90708	-5	0
1.90727	-5	0
1.90751	-5	0
1.90776	-5	0
1.90791	-5	0
1.90832	-5	0
1.90849	-5	0
1.90948	-5	0
1.90977	-5	0
1.91009	-5	0
1.91026	-5	0
1.91054	-5	0
1.91085	-5	0
1.91113	-5	0
1.9115	-5	0
1.91226	-5	0
1.91258	-5	0
1.91275	-5	0
1.91307	-5	0
1.9133	-5	0
1.91365	-5	0
1.91393	-5	0
1.91487	-5	0
1.91527	-5	0
1.91557	-5	0
1.91589	-5	0
1.91606	-5	0
1.91639	-5	0
1.91674	-5	0
1.91703	-5	0
1.91831	-5	0
1.9189	-5	0
1.91917	-5	0
1.91953	-5	0
1.91979	-5	0
1.92007	-5	0
1.92024	-5	0
1.92057	-5	0
1.9215	-5	0
1.9218	-5	0
1.92212	-5	0
1.92239	-5	0
1.92271	-5	0
1.92303	-5	0
1.9232	-5	0
1.92398	-5	0
1.92452	-5	0
1.92469	-5	0
1.92499	-5	0
1.92528	-5	0
1.92564	-5	0
1.92581	-5	0
1.92613	-5	0
1.92704	-5	0
1.92734	-5	0
1.92766	-5	0
1.92783	-5	0
1.92811	-5	0
1.92841	-5	0
1.92872	-5	0
1.92944	-5	0
1.93	-5	0
1.93026	-5	0
1.93053	-5	0
1.93078	-5	0
1.93108	-5	0
1.93137	-5	0
1.93168	-5	0
1.93261	-5	0
1.93286	-5	0
1.93312	-5	0
1.93335	-5	0
1.93353	-5	0
1.93386	-5	0
1.93408	-5	0
1.93435	-5	0
1.93532	-5	0
1.93568	-5	0
1.93599	-5	0
1.93621	-5	0
1.93659	-5	0
1.93672	-5	0
1.937	-5	0
1.93784	-5	0
1.93826	-5	0
1.9386	-5	0
1.93887	-5	0
1.93915	-5	0
1.93942	-5	0
1.93971	-5	0
1.94003	-5	0
1.94033	-5	0
1.94121	-5	0
1.94138	-5	0
1.94156	-5	0
1.94179	-5	0
1.94213	-5	0
1.94233	-5	0
1.9426	-5	0
1.94358	-5	0
1.94402	-5	0
1.94429	-5	0
1.94446	-5	0
1.94472	-5	0
1.94501	-5	0
1.94531	-5	0
1.94573	-5	0
1.94671	-5	0
1.947	-5	0
1.94731	-5	0
1.94762	-5	0
1.94793	-5	0
1.94819	-5	0
1.94847	-5	0
1.94866	-5	0
1.94965	-5	0
1.94992	-5	0
1.9502	-5	0
1.95047	-5	0
1.95074	-5	0
1.951	-5	0
1.95127	-5	0
1.95145	-5	0
1.9524	-5	0
1.95271	-5	0
1.95294	-5	0
1.95325	-5	0
1.95356	-5	0
1.95386	-5	0
1.9542	-5	0
1.95472	-5	0
1.95554	-5	0
1.95579	-5	0
1.95606	-5	0
1.95631	-5	0
1.95661	-5	0
1.95686	-5	0
1.95719	-5	0
1.95762	-5	0
1.95845	-5	0
1.9587	-5	0
1.95894	-5	0
1.95928	-5	0
1.95945	-5	0
1.95977	-5	0
1.96008	-5	0
1.96089	-5	0
1.96152	-5	0
1.9618	-5	0
1.96207	-5	0
1.96231	-5	0
1.96262	-5	0
1.96286	-5	0
1.96316	-5	0
1.96414	-5	0
1.96443	-5	0
1.9647	-5	0
1.96498	-5	0
1.96526	-5	0
1.9656	-5	0
1.9659	-5	0
1.96622	-5	0
1.96691	-5	0
1.96748	-5	0
1.96776	-5	0
1.96806	-5	0
1.96823	-5	0
1.96854	-5	0
1.96885	-5	0
1.96909	-5	0
1.96987	-5	0
1.97039	-5	0
1.97054	-5	0
1.97077	-5	0
1.97106	-5	0
1.97138	-5	0
1.97173	-5	0
1.97204	-5	0
1.97285	-5	0
1.97317	-5	0
1.97349	-5	0
1.9738	-5	0
1.97409	-5	0
1.97438	-5	0
1.97456	-5	0
1.97479	-5	0
1.97582	-5	0
1.97611	-5	0
1.97642	-5	0
1.9767	-5	0
1.97701	-5	0
1.9773	-5	0
1.97763	-5	0
1.97798	-5	0
1.9787	-5	0
1.97929	-5	0
1.97957	-5	0
1.97982	-5	0
1.98	-5	0
1.98025	-5	0
1.98048	-5	0
1.98082	-5	0
1.98158	-5	0
1.98203	-5	0
1.98234	-5	0
1.98259	-5	0
1.98275	-5	0
1.98311	-5	0
1.98335	-5	0
1.98367	-5	0
1.98464	-5	0
1.98494	-5	0
1.98517	-5	0
1.98546	-5	0
1.98577	-5	0
1.98613	-5	0
1.98637	-5	0
1.98703	-5	0
1.98761	-5	0
1.98789	-5	0
1.98816	-5	0
1.98846	-5	0
1.98879	-5	0
1.98911	-5	0
1.98929	-5	0
1.98962	-5	0
1.9906	-5	0
1.99091	-5	0
1.99118	-5	0
1.99155	-5	0
1.99181	-5	0
1.99211	-5	0
1.99241	-5	0
1.99269	-5	0
1.99366	-5	0
1.99393	-5	0
1.9941	-5	0
1.99436	-5	0
1.99466	-5	0
1.99497	-5	0
1.99534	-5	0
1.99615	-5	0
1.99665	-5	0
1.99682	-5	0
1.99717	-5	0
1.99734	-5	0
1.99767	-5	0
1.99799	-5	0
1.99828	-5	0
1.99937	-5	0
1.99963	-5	0
1.99993	-5	0
2.00015	-5	0
2.00046	-5	0
2.00076	-5	0
2.00108	-5	0
2.0014	-5	0
2.00237	-5	0
2.00259	-5	0
2.00289	-5	0
2.00319	-5	0
2.00342	-5	0
2.00373	-5	0
2.00407	-5	0
2.00474	-5	0
2.00535	-5	0
2.00566	-5	0
2.00594	-5	0
2.00625	-5	0
2.00657	-5	0
2.00687	-5	0
2.00718	-5	0
2.00755	-5	0
2.00838	-5	0
2.00869	-5	0
2.00887	-5	0
2.00914	-5	0
2.00943	-5	0
2.00975	-5	0
2.01004	-5	0
2.0105	-5	0
2.01116	-5	0
2.01143	-5	0
2.0117	-5	0
2.01197	-5	0
2.01224	-5	0
2.01247	-5	0
2.01279	-5	0
2.01331	-5	0
2.01402	-5	0
2.01425	-5	0
2.0145	-5	0
2.01463	-5	0
2.01502	-5	0
2.01518	-5	0
2.01551	-5	0
2.01649	-5	0
2.01677	-5	0
2.01705	-5	0
2.01728	-5	0
2.01756	-5	0
2.01785	-5	0
2.01813	-5	0
2.01843	-5	0
2.01933	-5	0
2.01958	-5	0
2.01986	-5	0
2.02015	-5	0
2.0205	-5	0
2.02079	-5	0
2.0211	-5	0
2.02142	-5	0
2.02218	-5	0
2.0225	-5	0
2.02272	-5	0
2.02302	-5	0
2.02329	-5	0
2.0236	-5	0
2.02383	-5	0
2.02406	-5	0
2.025	-5	0
2.02526	-5	0
2.02552	-5	0
2.02577	-5	0
2.02608	-5	0
2.02639	-5	0
2.02664	-5	0
2.02685	-5	0
2.02787	-5	0
2.02825	-5	0
2.02855	-5	0
2.02879	-5	0
2.02907	-5	0
2.0293	-5	0
2.02969	-5	0
2.03042	-5	0
2.03081	-5	0
2.03107	-5	0
2.03142	-5	0
2.03159	-5	0
2.0319	-5	0
2.03218	-5	0
2.0325	-5	0
2.03355	-5	0
2.03382	-5	0
2.03413	-5	0
2.03436	-5	0
2.03473	-5	0
2.03508	-5	0
2.03532	-5	0
2.0361	-5	0
2.03654	-5	0
2.03685	-5	0
2.03716	-5	0
2.0375	-5	0
2.03782	-5	0
2.03814	-5	0
2.03847	-5	0
2.03896	-5	0
2.03971	-5	0
2.04003	-5	0
2.0403	-5	0
2.04051	-5	0
2.04083	-5	0
2.04117	-5	0
2.04147	-5	0
2.04195	-5	0
2.04276	-5	0
2.04304	-5	0
2.04331	-5	0
2.04359	-5	0
2.04386	-5	0
2.04417	-5	0
2.04435	-5	0
2.04472	-5	0
2.04553	-5	0
2.04585	-5	0
2.04607	-5	0
2.04634	-5	0
2.04664	-5	0
2.0469	-5	0
2.04722	-5	0
2.04765	-5	0
2.0484	-5	0
2.04872	-5	0
2.04899	-5	0
2.04926	-5	0
2.04957	-5	0
2.04989	-5	0
2.05006	-5	0
2.05034	-5	0
2.05129	-5	0
2.05158	-5	0
2.05183	-5	0
2.05209	-5	0
2.05235	-5	0
2.05259	-5	0
2.05294	-5	0
2.05349	-5	0
2.05428	-5	0
2.05454	-5	0
2.05468	-5	0
2.05501	-5	0
2.05514	-5	0
2.05551	-5	0
2.05575	-5	0
2.05678	-5	0
2.05731	-5	0
2.05753	-5	0
2.05777	-5	0
2.05789	-5	0
2.05825	-5	0
2.05864	-5	0
2.05895	-5	0
2.05992	-5	0
2.06022	-5	0
2.06048	-5	0
2.06065	-5	0
2.06093	-5	0
2.06123	-5	0
2.06151	-5	0
2.06225	-5	0
2.06284	-5	0
2.06311	-5	0
2.06338	-5	0
2.06356	-5	0
2.0639	-5	0
2.06418	-5	0
2.06452	-5	0
2.06551	-5	0
2.06583	-5	0
2.06614	-5	0
2.06649	-5	0
2.06669	-5	0
2.06696	-5	0
2.06727	-5	0
2.06761	-5	0
2.06861	-5	0
2.06888	-5	0
2.06919	-5	0
2.06945	-5	0
2.06976	-5	0
2.07007	-5	0
2.07038	-5	0
2.07069	-5	0
2.0717	-5	0
2.07187	-5	0
2.07219	-5	0
2.07251	-5	0
2.07269	-5	0
2.07302	-5	0
2.07334	-5	0
2.07367	-5	0
2.07459	-5	0
2.07486	-5	0
2.07519	-5	0
2.07556	-5	0
2.07576	-5	0
2.07609	-5	0
2.0764	-5	0
2.07697	-5	0
2.07766	-5	0
2.07798	-5	0
2.07825	-5	0
2.07852	-5	0
2.0788	-5	0
2.07912	-5	0
2.07946	-5	0
2.07974	-5	0
2.08071	-5	0
2.08097	-5	0
2.08114	-5	0
2.08134	-5	0
2.08173	-5	0
2.08186	-5	0
2.08232	-5	0
2.08311	-5	0
2.08356	-5	0
2.08373	-5	0
2.08398	-5	0
2.08431	-5	0
2.08464	-5	0
2.08486	-5	0
2.08519	-5	0
2.08624	-5	0
2.08655	-5	0
2.08681	-5	0
2.08712	-5	0
2.08738	-5	0
2.08769	-5	0
2.08793	-5	0
2.08826	-5	0
2.08917	-5	0
2.08948	-5	0
2.0897	-5	0
2.09009	-5	0
2.0903	-5	0
2.09071	-5	0
2.09087	-5	0
2.09175	-5	0
2.09216	-5	0
2.09239	-5	0
2.09269	-5	0
2.093	-5	0
2.09332	-5	0
2.0936	-5	0
2.0939	-5	0
2.09498	-5	0
2.09521	-5	0
2.09551	-5	0
2.09583	-5	0
2.096	-5	0
2.09632	-5	0
2.09664	-5	0
2.097	-5	0
2.09789	-5	0
2.09813	-5	0
2.09844	-5	0
2.0988	-5	0
2.09905	-5	0
2.09936	-5	0
2.09969	-5	0
2.10004	-5	0
2.10089	-5	0
2.1011	-5	0
2.10142	-5	0
2.1016	-5	0
2.10199	-5	0
2.1023	-5	0
2.10254	-5	0
2.1035	-5	0
2.10397	-5	0
2.10414	-5	0
2.10439	-5	0
2.10475	-5	0
2.10505	-5	0
2.10535	-5	0
2.10559	-5	0
2.10612	-5	0
2.10676	-5	0
2.10704	-5	0
2.10739	-5	0
2.1077	-5	0
2.10801	-5	0
2.10881	-5	0
2.10929	-5	0
2.10958	-5	0
2.1099	-5	0
2.11022	-5	0
2.11054	-5	0
2.11072	-5	0
2.11092	-5	0
2.11195	-5	0
2.11228	-5	0
2.1126	-5	0
2.11297	-5	0
2.11325	-5	0
2.11357	-5	0
2.11385	-5	0
2.11425	-5	0
2.11522	-5	0
2.11549	-5	0
2.11577	-5	0
2.11605	-5	0
2.11635	-5	0
2.11664	-5	0
2.11692	-5	0
2.11793	-5	0
2.11811	-5	0
2.1184	-5	0
2.1187	-5	0
2.11899	-5	0
2.1193	-5	0
2.11987	-5	0
2.12048	-5	0
2.1208	-5	0
2.12107	-5	0
2.12125	-5	0
2.12154	-5	0
2.12183	-5	0
2.12202	-5	0
2.12298	-5	0
2.1233	-5	0
2.12361	-5	0
2.12389	-5	0
2.1242	-5	0
2.12449	-5	0
2.12518	-5	0
2.12559	-5	0
2.12581	-5	0
2.12604	-5	0
2.12631	-5	0
2.12648	-5	0
2.12681	-5	0
2.12709	-5	0
2.12814	-5	0
2.12827	-5	0
2.12857	-5	0
2.12886	-5	0
2.12914	-5	0
2.12946	-5	0
2.12974	-5	0
2.13062	-5	0
2.13091	-5	0
2.1312	-5	0
2.1315	-5	0
2.1318	-5	0
2.13209	-5	0
2.1329	-5	0
2.13332	-5	0
2.1336	-5	0
2.13388	-5	0
2.13421	-5	0
2.13449	-5	0
2.13477	-5	0
2.13571	-5	0
2.13598	-5	0
2.13626	-5	0
2.13653	-5	0
2.13681	-5	0
2.13708	-5	0
2.13726	-5	0
2.13815	-5	0
2.13855	-5	0
2.13882	-5	0
2.13912	-5	0
2.13939	-5	0
2.13957	-5	0
2.13997	-5	0
2.14061	-5	0
2.1409	-5	0
2.14112	-5	0
2.14137	-5	0
2.14169	-5	0
2.14199	-5	0
2.14246	-5	0
2.1433	-5	0
2.14359	-5	0
2.14377	-5	0
2.14406	-5	0
2.14434	-5	0
2.14465	-5	0
2.14493	-5	0
2.1458	-5	0
2.14614	-5	0
2.14643	-5	0
2.14671	-5	0
2.14702	-5	0
2.14731	-5	0
2.14812	-5	0
2.14832	-5	0
2.14874	-5	0
2.14914	-5	0
2.14942	-5	0
2.1496	-5	0
2.14989	-5	0
2.14999	-5	0
2.15103	-5	0
2.15125	-5	0
2.15164	-5	0
2.15191	-5	0
2.1522	-5	0
2.15241	-5	0
2.15312	-5	0
2.15367	-5	0
2.15395	-5	0
2.15415	-5	0
2.15424	-5	0
2.15461	-5	0
2.15484	-5	0
2.15589	-5	0
2.15606	-5	0
2.15634	-5	0
2.15662	-5	0
2.15693	-5	0
2.15714	-5	0
2.15743	-5	0
2.15839	-5	0
2.15857	-5	0
2.15899	-5	0
2.15926	-5	0
2.15959	-5	0
2.15983	-5	0
2.16077	-5	0
2.16105	-5	0
2.16133	-5	0
2.16151	-5	0
2.1618	-5	0
2.16213	-5	0
2.16231	-5	0
2.1627	-5	0
2.16318	-5	0
2.16351	-5	0
2.16377	-5	0
2.16405	-5	0
2.16432	-5	0
2.16452	-5	0
2.16535	-5	0
2.16571	-5	0
2.16598	-5	0
2.16625	-5	0
2.1664	-5	0
2.1667	-5	0
2.16688	-5	0
2.16726	-5	0
2.168	-5	0
2.1682	-5	0
2.16851	-5	0
2.16865	-5	0
2.169	-5	0
2.16929	-5	0
2.1696	-5	0
2.17025	-5	0
2.17056	-5	0
2.17075	-5	0
2.17095	-5	0
2.17114	-5	0
2.17186	-5	0
2.1724	-5	0
2.17271	-5	0
2.17289	-5	0
2.17308	-5	0
2.17326	-5	0
2.17443	-5	0
2.1745	-5	0
2.17467	-5	0
2.17485	-5	0
2.17502	-5	0
2.1752	-5	0
2.17537	-5	0
2.17555	-5	0
2.17653	-5	0
2.1767	-5	0
2.17687	-5	0
2.17706	-5	0
2.17724	-5	0
2.17745	-5	0
2.17763	-5	0
