0.056487	0	0	0	0	0	0
0.057347	0	0	0	0	0	0
0.058484	0	0	0	0	0	0
0.059529	0	0	0	0	0	0
0.060665	0	0	0	0	0	0
0.06171	0	0	0	0	0	0
0.06307	0	0	0	0	0	0
0.064096	0	0	0	0	0	0
0.064848	0	0	0	0	0	0
0.065503	0	0	0	0	0	0
0.06635	0	0	0	0	0	0
0.067388	0	0	0	0	0	0
0.068482	0	0	0	0	0	0
0.069658	0	0	0	0	0	0
0.070819	0	0	0	0	0	0
0.072105	0	0	0	0	0	0
0.07341	0	0	0	0	0	0
0.07458	0	0	0	0	0	0
0.075474	0	0	0	0	0	0
0.076536	0	0	0	0	0	0
0.077551	0	0	0	0	0	0
0.078801	0	0	0	0	0	0
0.08032	0	0	0	0	0	0
0.081701	0	0	0	0	0	0
0.082691	0	0	0	0	0	0
0.083772	0	0	0	0	0	0
0.085029	0	0	0	0	0	0
0.086257	0	0	0	0	0	0
0.087723	0	0	0	0	0	0
0.089029	0	0	0	0	0	0
0.090203	0	0	0	0	0	0
0.091416	0	0	0	0	0	0
0.092722	0	0	0	0	0	0
0.094116	0	0	0	0	0	0
0.095448	0	0	0	0	0	0
0.096748	0	0	0	0	0	0
0.09795	0	0	0	0	0	0
0.099233	0	0	0	0	0	0
0.100564	0	0	0	0	0	0
0.10165	0	0	0	0	0	0
0.102702	0	0	0	0	0	0
0.103947	0	0	0	0	0	0
0.105143	0	0	0	0	0	0
0.106321	0	0	0	0	0	0
0.107635	0	0	0	0	0	0
0.109102	0	0	0	0	0	0
0.110377	0	0	0	0	0	0
0.111454	0	0	0	0	0	0
0.112362	0	0	0	0	0	0
0.113385	0	0	0	0	0	0
0.114799	0	0	0	0	0	0
0.116263	0	0	0	0	0	0
0.117492	0	0	0	0	0	0
0.11859	0	0	0	0	0	0
0.119802	0	0	0	0	0	0
0.120971	0	0	0	0	0	0
0.122179	0	0	0	0	0	0
0.123496	0	0	0	0	0	0
0.124652	0	0	0	0	0	0
0.125647	0	0	0	0	0	0
0.126713	0	0	0	0	0	0
0.128079	0	0	0	0	0	0
0.129347	0	0	0	0	0	0
0.130461	0	0	0	0	0	0
0.131549	0	0	0	0	0	0
0.132819	0	0	0	0	0	0
0.134282	0	0	0	0	0	0
0.135554	0	0	0	0	0	0
0.136888	0	0	0	0	0	0
0.138229	0	0	0	0	0	0
0.139608	0	0	0	0	0	0
0.141051	0	0	0	0	0	0
0.142125	0	0	0	0	0	0
0.143103	0	0	0	0	0	0
0.144151	0	0	0	0	0	0
0.145353	0	0	0	0	0	0
0.146594	0	0	0	0	0	0
0.14772	0	0	0	0	0	0
0.148701	0	0	0	0	0	0
0.149782	0	0	0	0	0	0
0.150966	0	0	0	0	0	0
0.15221	0	0	0	0	0	0
0.153343	0	0	0	0	0	0
0.154664	0	0	0	0	0	0
0.156061	0	0	0	0	0	0
0.157286	0	0	0	0	0	0
0.158365	0	0	0	0	0	0
0.159786	0	0	0	0	0	0
0.161273	0	0	0	0	0	0
0.162891	0	0	0	0	0	0
0.164373	0	0	0	0	0	0
0.165637	0	0	0	0	0	0
0.166667	0	0	0	0	0	0
0.167834	0	0	0	0	0	0
0.169138	0	0	0	0	0	0
0.170422	0	0	0	0	0	0
0.171658	0	0	0	0	0	0
0.17283	0	0	0	0	0	0
0.174038	0	0	0	0	0	0
0.175159	0	0	0	0	0	0
0.176397	0	0	0	0	0	0
0.177748	0	0	0	0	0	0
0.17894	0	0	0	0	0	0
0.180167	0	0	0	0	0	0
0.181445	0	0	0	0	0	0
0.182494	0	0	0	0	0	0
0.183775	0	0	0	0	0	0
0.18498	0	0	0	0	0	0
0.186239	0	0	0	0	0	0
0.187679	0	0	0	0	0	0
0.188892	0	0	0	0	0	0
0.189868	0	0	0	0	0	0
0.191039	0	0	0	0	0	0
0.192389	0	0	0	0	0	0
0.193804	0	0	0	0	0	0
0.194888	0	0	0	0	0	0
0.195852	0	0	0	0	0	0
0.196886	0	0	0	0	0	0
0.198222	0	0	0	0	0	0
0.199699	0	0	0	0	0	0
0.200956	0	0	0	0	0	0
0.202083	0	0	0	0	0	0
0.203436	0	0	0	0	0	0
0.204639	0	0	0	0	0	0
0.205799	0	0	0	0	0	0
0.206894	0	0	0	0	0	0
0.208173	0	0	0	0	0	0
0.209627	0	0	0	0	0	0
0.210813	0	0	0	0	0	0
0.211946	0	0	0	0	0	0
0.213186	0	0	0	0	0	0
0.21447	0	0	0	0	0	0
0.215856	0	0	0	0	0	0
0.216974	0	0	0	0	0	0
0.218054	0	0	0	0	0	0
0.219313	0	0	0	0	0	0
0.220482	0	0	0	0	0	0
0.221848	0	0	0	0	0	0
0.223374	0	0	0	0	0	0
0.224828	0	0	0	0	0	0
0.226002	0	0	0	0	0	0
0.227196	0	0	0	0	0	0
0.228559	0	0	0	0	0	0
0.229918	0	0	0	0	0	0
0.231153	0	0	0	0	0	0
0.232197	0	0	0	0	0	0
0.233372	0	0	0	0	0	0
0.234729	0	0	0	0	0	0
0.236075	0	0	0	0	0	0
0.237286	0	0	0	0	0	0
0.238456	0	0	0	0	0	0
0.239811	0	0	0	0	0	0
0.240948	0	0	0	0	0	0
0.242024	0	0	0	0	0	0
0.243314	0	0	0	0	0	0
0.244872	0	0	0	0	0	0
0.24624	0	0	0	0	0	0
0.247427	0	0	0	0	0	0
0.248781	0	0	0	0	0	0
0.250064	0	0	0	0	0	0
0.251384	0	0	0	0	0	0
0.25253	0	0	0	0	0	0
0.253578	0	0	0	0	0	0
0.254823	0	0	0	0	0	0
0.255961	0	0	0	0	0	0
0.256943	0	0	0	0	0	0
0.258072	0	0	0	0	0	0
0.259537	0	0	0	0	0	0
0.260909	0	0	0	0	0	0
0.26217	0	0	0	0	0	0
0.263514	0	0	0	0	0	0
0.265085	0	0	0	0	0	0
0.266504	0	0	0	0	0	0
0.26761	0	0	0	0	0	0
0.268924	0	0	0	0	0	0
0.270582	0	0	0	0	0	0
0.27221	0	0	0	0	0	0
0.273627	0	0	0	0	0	0
0.274873	0	0	0	0	0	0
0.276332	0	0	0	0	0	0
0.27764	0	0	0	0	0	0
0.278746	0	0	0	0	0	0
0.280013	0	0	0	0	0	0
0.281356	0	0	0	0	0	0
0.28285	0	0	0	0	0	0
0.284364	0	0	0	0	0	0
0.285772	0	0	0	0	0	0
0.287093	0	0	0	0	0	0
0.288342	0	0	0	0	0	0
0.289858	0	0	0	0	0	0
0.291467	0	0	0	0	0	0
0.29299	0	0	0	0	0	0
0.294262	0	0	0	0	0	0
0.295981	0	0	0	0	0	0
0.297501	0	0	0	0	0	0
0.299099	0	0	0	0	0	0
0.300878	0	0	0	0	0	0
0.302207	0	0	0	0	0	0
0.30324	0	0	0	0	0	0
0.304557	0	0	0	0	0	0
0.305857	0	0	0	0	0	0
0.307354	0	0	0	0	0	0
0.308917	0	0	0	0	0	0
0.310704	0	0	0	0	0	0
0.312282	0	0	0	0	0	0
0.313535	0	0	0	0	0	0
0.314583	0	0	0	0	0	0
0.315915	0	0	0	0	0	0
0.31753	0	0	0	0	0	0
0.319236	0	0	0	0	0	0
0.320576	0	0	0	0	0	0
0.322107	0	0	0	0	0	0
0.323852	0	0	0	0	0	0
0.325739	0	0	0	0	0	0
0.327697	0	0	0	0	0	0
0.329139	0	0	0	0	0	0
0.330364	0	0	0	0	0	0
0.332004	0	0	0	0	0	0
0.334163	0	0	0	0	0	0
0.336272	0	0	0	0	0	0
0.337672	0	0	0	0	0	0
0.338741	0	0	0	0	0	0
0.340077	0	0	0	0	0	0
0.341881	0	0	0	0	0	0
0.343684	0	0	0	0	0	0
0.345387	0	0	0	0	0	0
0.347165	0	0	0	0	0	0
0.348779	0	0	0	0	0	0
0.350297	0	0	0	0	0	0
0.351691	0	0	0	0	0	0
0.353026	0	0	0	0	0	0
0.354851	0	0	0	0	0	0
0.356525	0	0	0	0	0	0
0.358059	0	0	0	0	0	0
0.359727	0	0	0	0	0	0
0.361361	0	0	0	0	0	0
0.363019	0	0	0	0	0	0
0.365181	0	0	0	0	0	0
0.367361	0	0	0	0	0	0
0.368894	0	0	0	0	0	0
0.370357	0	0	0	0	0	0
0.372033	0	0	0	0	0	0
0.37359	0	0	0	0	0	0
0.375097	0	0	0	0	0	0
0.376292	0	0	0	0	0	0
0.377608	0	0	0	0	0	0
0.379013	0	0	0	0	0	0
0.380321	0	0	0	0	0	0
0.381542	0	0	0	0	0	0
0.382955	0	0	0	0	0	0
0.38458	0	0	0	0	0	0
0.386254	0	0	0	0	0	0
0.387511	0	0	0	0	0	0
0.388834	0	0	0	0	0	0
0.390309	0	0	0	0	0	0
0.391595	0	0	0	0	0	0
0.392871	0	0	0	0	0	0
0.393971	0	0	0	0	0	0
0.395053	0	0	0	0	0	0
0.396525	0	0	0	0	0	0
0.397744	0	0	0	0	0	0
0.398969	0	0	0	0	0	0
0.400628	0	0	0	0	0	0
0.402302	0	0	0	0	0	0
0.404059	0	0	0	0	0	0
0.405891	0	0	0	0	0	0
0.407688	0	0	0	0	0	0
0.408995	0	0	0	0	0	0
0.410168	0	0	0	0	0	0
0.411385	0	0	0	0	0	0
0.412854	0	0	0	0	0	0
0.414525	0	0	0	0	0	0
0.415848	0	0	0	0	0	0
0.417012	0	0	0	0	0	0
0.418299	0	0	0	0	0	0
0.419789	0	0	0	0	0	0
0.421343	0	0	0	0	0	0
0.423151	0	0	0	0	0	0
0.424902	0	0	0	0	0	0
0.426484	0	0	0	0	0	0
0.428125	0	0	0	0	0	0
0.429408	0	0	0	0	0	0
0.43063	0	0	0	0	0	0
0.432064	0	0	0	0	0	0
0.433997	0	0	0	0	0	0
0.435811	0	0	0	0	0	0
0.437603	0	0	0	0	0	0
0.43929	0	0	0	0	0	0
0.441051	0	0	0	0	0	0
0.442772	0	0	0	0	0	0
0.444173	0	0	0	0	0	0
0.445474	0	0	0	0	0	0
0.446859	0	0	0	0	0	0
0.448319	0	0	0	0	0	0
0.449722	0	0	0	0	0	0
0.451204	0	0	0	0	0	0
0.452813	0	0	0	0	0	0
0.453897	0	0	0	0	0	0
0.454851	0	0	0	0	0	0
0.456137	0	0	0	0	0	0
0.457565	0	0	0	0	0	0
0.45871	0	0	0	0	0	0
0.459694	0	0	0	0	0	0
0.460834	0	0	0	0	0	0
0.461898	0	0	0	0	0	0
0.463185	0	0	0	0	0	0
0.464526	0	0	0	0	0	0
0.465755	0	0	0	0	0	0
0.466977	0	0	0	0	0	0
0.468185	0	0	0	0	0	0
0.469473	0	0	0	0	0	0
0.470956	0	0	0	0	0	0
0.472119	0	0	0	0	0	0
0.473178	0	0	0	0	0	0
0.474374	0	0	0	0	0	0
0.475559	0	0	0	0	0	0
0.476802	0	0	0	0	0	0
0.478277	0	0	0	0	0	0
0.479626	0	0	0	0	0	0
0.480995	0	0	0	0	0	0
0.482532	0	0	0	0	0	0
0.484099	0	0	0	0	0	0
0.485634	0	0	0	0	0	0
0.487075	0	0	0	0	0	0
0.488548	0	0	0	0	0	0
0.489995	0	0	0	0	0	0
0.491101	0	0	0	0	0	0
0.492547	0	0	0	0	0	0
0.494182	0	0	0	0	0	0
0.495732	0	0	0	0	0	0
0.497157	0	0	0	0	0	0
0.498509	0	0	0	0	0	0
0.499634	0	0	0	0	0	0
0.500899	0	0	0	0	0	0
0.502204	0	0	0	0	0	0
0.503352	0	0	0	0	0	0
0.504359	0	0	0	0	0	0
0.505527	0	0	0	0	0	0
0.506741	0	0	0	0	0	0
0.507908	0	0	0	0	0	0
0.50921	0	0	0	0	0	0
0.510648	0	0	0	0	0	0
0.51183	0	0	0	0	0	0
0.51273	0	0	0	0	0	0
0.513756	0	0	0	0	0	0
0.514941	0	0	0	0	0	0
0.516152	0	0	0	0	0	0
0.51762	0	0	0	0	0	0
0.519031	0	0	0	0	0	0
0.520141	0	0	0	0	0	0
0.521036	0	0	0	0	0	0
0.522105	0	0	0	0	0	0
0.523378	0	0	0	0	0	0
0.524698	0	0	0	0	0	0
0.525845	0	0	0	0	0	0
0.526887	0	0	0	0	0	0
0.528	0	0	0	0	0	0
0.529388	0	0	0	0	0	0
0.530735	0	0	0	0	0	0
0.531989	0	0	0	0	0	0
0.533326	0	0	0	0	0	0
0.534736	0	0	0	0	0	0
0.536091	0	0	0	0	0	0
0.53724	0	0	0	0	0	0
0.538592	0	0	0	0	0	0
0.539979	0	0	0	0	0	0
0.541091	0	0	0	0	0	0
0.542503	0	0	0	0	0	0
0.544062	0	0	0	0	0	0
0.545411	0	0	0	0	0	0
0.546713	0	0	0	0	0	0
0.547899	0	0	0	0	0	0
0.54916	0	0	0	0	0	0
0.550574	0	0	0	0	0	0
0.551809	0	0	0	0	0	0
0.552931	0	0	0	0	0	0
0.554306	0	0	0	0	0	0
0.555706	0	0	0	0	0	0
0.556973	0	0	0	0	0	0
0.558233	0	0	0	0	0	0
0.559655	0	0	0	0	0	0
0.560948	0	0	0	0	0	0
0.562107	0	0	0	0	0	0
0.563342	0	0	0	0	0	0
0.564409	0	0	0	0	0	0
0.565351	0	0	0	0	0	0
0.56645	0	0	0	0	0	0
0.567707	0	0	0	0	0	0
0.568953	0	0	0	0	0	0
0.570106	0	0	0	0	0	0
0.571095	0	0	0	0	0	0
0.572109	0	0	0	0	0	0
0.573167	0	0	0	0	0	0
0.574388	0	0	0	0	0	0
0.575601	0	0	0	0	0	0
0.5769	0	0	0	0	0	0
0.578316	0	0	0	0	0	0
0.579533	0	0	0	0	0	0
0.5808	0	0	0	0	0	0
0.58208	0	0	0	0	0	0
0.583382	0	0	0	0	0	0
0.584814	0	0	0	0	0	0
0.58603	0	0	0	0	0	0
0.58696	0	0	0	0	0	0
0.587984	0	0	0	0	0	0
0.58922	0	0	0	0	0	0
0.590493	0	0	0	0	0	0
0.59161	0	0	0	0	0	0
0.592459	0	0	0	0	0	0
0.593907	0	0	0	0	0	0
0.595251	0	0	0	0	0	0
0.596425	0	0	0	0	0	0
0.597286	0	0	0	0	0	0
0.598294	0	0	0	0	0	0
0.599407	0	0	0	0	0	0
0.600562	0	0	0	0	0	0
0.60169	0	0	0	0	0	0
0.602936	0	0	0	0	0	0
0.604028	0	0	0	0	0	0
0.604952	0	0	0	0	0	0
0.606037	0	0	0	0	0	0
0.607337	0	0	0	0	0	0
0.608451	0	0	0	0	0	0
0.609551	0	0	0	0	0	0
0.610881	0	0	0	0	0	0
0.612221	0	0	0	0	0	0
0.613452	0	0	0	0	0	0
0.614837	0	0	0	0	0	0
0.616306	0	0	0	0	0	0
0.617464	0	0	0	0	0	0
0.618442	0	0	0	0	0	0
0.619561	0	0	0	0	0	0
0.620675	0	0	0	0	0	0
0.621892	0	0	0	0	0	0
0.623047	0	0	0	0	0	0
0.624367	0	0	0	0	0	0
0.625704	0	0	0	0	0	0
0.626855	0	0	0	0	0	0
0.627958	0	0	0	0	0	0
0.629218	0	0	0	0	0	0
0.630437	0	0	0	0	0	0
0.631664	0	0	0	0	0	0
0.633176	0	0	0	0	0	0
0.634714	0	0	0	0	0	0
0.636207	0	0	0	0	0	0
0.637803	0	0	0	0	0	0
0.639261	0	0	0	0	0	0
0.64047	0	0	0	0	0	0
0.641775	0	0	0	0	0	0
0.643247	0	0	0	0	0	0
0.64456	0	0	0	0	0	0
0.646114	0	0	0	0	0	0
0.64769	0	0	0	0	0	0
0.649179	0	0	0	0	0	0
0.65044	0	0	0	0	0	0
0.651536	0	0	0	0	0	0
0.652857	0	0	0	0	0	0
0.654221	0	0	0	0	0	0
0.655589	0	0	0	0	0	0
0.65673	0	0	0	0	0	0
0.657787	0	0	0	0	0	0
0.659041	0	0	0	0	0	0
0.660246	0	0	0	0	0	0
0.661332	0	0	0	0	0	0
0.662661	0	0	0	0	0	0
0.663963	0	0	0	0	0	0
0.665382	0	0	0	0	0	0
0.666516	0	0	0	0	0	0
0.667737	0	0	0	0	0	0
0.669008	0	0	0	0	0	0
0.670145	0	0	0	0	0	0
0.671101	0	0	0	0	0	0
0.672193	0	0	0	0	0	0
0.673555	0	0	0	0	0	0
0.674931	0	0	0	0	0	0
0.676067	0	0	0	0	0	0
0.677206	0	0	0	0	0	0
0.678494	0	0	0	0	0	0
0.67966	0	0	0	0	0	0
0.680721	0	0	0	0	0	0
0.681969	0	0	0	0	0	0
0.683226	0	0	0	0	0	0
0.684394	0	0	0	0	0	0
0.685639	0	0	0	0	0	0
0.687219	0	0	0	0	0	0
0.688683	0	0	0	0	0	0
0.689809	0	0	0	0	0	0
0.690971	0	0	0	0	0	0
0.692359	0	0	0	0	0	0
0.693679	0	0	0	0	0	0
0.695112	0	0	0	0	0	0
0.69624	0	0	0	0	0	0
0.697358	0	0	0	0	0	0
0.69888	0	0	0	0	0	0
0.70042	0	0	0	0	0	0
0.701677	0	0	0	0	0	0
0.702892	0	0	0	0	0	0
0.704199	0	0	0	0	0	0
0.705369	0	0	0	0	0	0
0.706543	0	0	0	0	0	0
0.707823	0	0	0	0	0	0
0.709088	0	0	0	0	0	0
0.710509	0	0	0	0	0	0
0.711714	0	0	0	0	0	0
0.712922	0	0	0	0	0	0
0.714371	0	0	0	0	0	0
0.715827	0	0	0	0	0	0
0.717551	0	0	0	0	0	0
0.718845	0	0	0	0	0	0
0.719948	0	0	0	0	0	0
0.721087	0	0	0	0	0	0
0.722475	0	0	0	0	0	0
0.72392	0	0	0	0	0	0
0.725048	0	0	0	0	0	0
0.72598	0	0	0	0	0	0
0.727021	0	0	0	0	0	0
0.728348	0	0	0	0	0	0
0.729862	0	0	0	0	0	0
0.731142	0	0	0	0	0	0
0.732351	0	0	0	0	0	0
0.733458	0	0	0	0	0	0
0.734791	0	0	0	0	0	0
0.736183	0	0	0	0	0	0
0.7377	0	0	0	0	0	0
0.738938	0	0	0	0	0	0
0.74021	0	0	0	0	0	0
0.741339	0	0	0	0	0	0
0.742709	0	0	0	0	0	0
0.744211	0	0	0	0	0	0
0.74549	0	0	0	0	0	0
0.746608	0	0	0	0	0	0
0.747764	0	0	0	0	0	0
0.749048	0	0	0	0	0	0
0.750475	0	0	0	0	0	0
0.751776	0	0	0	0	0	0
0.752847	0	0	0	0	0	0
0.753852	0	0	0	0	0	0
0.754887	0	0	0	0	0	0
0.756184	0	0	0	0	0	0
0.757552	0	0	0	0	0	0
0.758951	0	0	0	0	0	0
0.760253	0	0	0	0	0	0
0.761736	0	0	0	0	0	0
0.762808	0	0	0	0	0	0
0.76377	0	0	0	0	0	0
0.764871	0	0	0	0	0	0
0.766042	0	0	0	0	0	0
0.767298	0	0	0	0	0	0
0.768425	0	0	0	0	0	0
0.769364	0	0	0	0	0	0
0.770496	0	0	0	0	0	0
0.771687	0	0	0	0	0	0
0.772748	0	0	0	0	0	0
0.773846	0	0	0	0	0	0
0.775009	0	0	0	0	0	0
0.776287	0	0	0	0	0	0
0.777362	0	0	0	0	0	0
0.778176	0	0	0	0	0	0
0.77906	0	0	0	0	0	0
0.780153	0	0	0	0	0	0
0.781425	0	0	0	0	0	0
0.782712	0	0	0	0	0	0
0.783847	0	0	0	0	0	0
0.785068	0	0	0	0	0	0
0.786226	0	0	0	0	0	0
0.78745	0	0	0	0	0	0
0.788756	0	0	0	0	0	0
0.790034	0	0	0	0	0	0
0.791259	0	0	0	0	0	0
0.792404	0	0	0	0	0	0
0.793297	0	0	0	0	0	0
0.794458	0	0	0	0	0	0
0.795735	0	0	0	0	0	0
0.797017	0	0	0	0	0	0
0.798316	0	0	0	0	0	0
0.799465	0	0	0	0	0	0
0.80069	0	0	0	0	0	0
0.801806	0	0	0	0	0	0
0.802923	0	0	0	0	0	0
0.804044	0	0	0	0	0	0
0.80518	0	0	0	0	0	0
0.806447	0	0	0	0	0	0
0.807633	0	0	0	0	0	0
0.80878	0	0	0	0	0	0
0.810108	0	0	0	0	0	0
0.811404	0	0	0	0	0	0
0.812515	0	0	0	0	0	0
0.813489	0	0	0	0	0	0
0.814649	0	0	0	0	0	0
0.816159	0	0	0	0	0	0
0.817561	0	0	0	0	0	0
0.818981	0	0	0	0	0	0
0.820356	0	0	0	0	0	0
0.821611	0	0	0	0	0	0
0.822889	0	0	0	0	0	0
0.824125	0	0	0	0	0	0
0.825295	0	0	0	0	0	0
0.826529	0	0	0	0	0	0
0.827634	0	0	0	0	0	0
0.828761	0	0	0	0	0	0
0.829989	0	0	0	0	0	0
0.831181	0	0	0	0	0	0
0.832283	0	0	0	0	0	0
0.833619	0	0	0	0	0	0
0.83496	0	0	0	0	0	0
0.836257	0	0	0	0	0	0
0.837437	0	0	0	0	0	0
0.838635	0	0	0	0	0	0
0.839877	0	0	0	0	0	0
0.840793	0	0	0	0	0	0
0.842052	0	0	0	0	0	0
0.84321	0	0	0	0	0	0
0.844249	0	0	0	0	0	0
0.845239	0	0	0	0	0	0
0.846502	0	0	0	0	0	0
0.847809	0	0	0	0	0	0
0.848884	0	0	0	0	0	0
0.84993	0	0	0	0	0	0
0.850922	0	0	0	0	0	0
0.852073	0	0	0	0	0	0
0.853319	0	0	0	0	0	0
0.85457	0	0	0	0	0	0
0.855768	0	0	0	0	0	0
0.856914	0	0	0	0	0	0
0.857846	0	0	0	0	0	0
0.858919	0	0	0	0	0	0
0.860145	0	0	0	0	0	0
0.861326	0	0	0	0	0	0
0.862714	0	0	0	0	0	0
0.864039	0	0	0	0	0	0
0.865056	0	0	0	0	0	0
0.866175	0	0	0	0	0	0
0.867369	0	0	0	0	0	0
0.868607	0	0	0	0	0	0
0.869868	0	0	0	0	0	0
0.871081	0	0	0	0	0	0
0.872125	0	0	0	0	0	0
0.873207	0	0	0	0	0	0
0.874375	0	0	0	0	0	0
0.87551	0	0	0	0	0	0
0.876604	0	0	0	0	0	0
0.877833	0	0	0	0	0	0
0.879173	0	0	0	0	0	0
0.880371	0	0	0	0	0	0
0.881578	0	0	0	0	0	0
0.882925	0	0	0	0	0	0
0.884071	0	0	0	0	0	0
0.885207	0	0	0	0	0	0
0.886455	0	0	0	0	0	0
0.887546	0	0	0	0	0	0
0.888827	0	0	0	0	0	0
0.890179	0	0	0	0	0	0
0.891336	0	0	0	0	0	0
0.892556	0	0	0	0	0	0
0.893624	0	0	0	0	0	0
0.894701	0	0	0	0	0	0
0.895955	0	0	0	0	0	0
0.897148	0	0	0	0	0	0
0.898405	0	0	0	0	0	0
0.899752	0	0	0	0	0	0
0.900875	0	0	0	0	0	0
0.901929	0	0	0	0	0	0
0.903134	0	0	0	0	0	0
0.90426	0	0	0	0	0	0
0.905253	0	0	0	0	0	0
0.906486	0	0	0	0	0	0
0.907882	0	0	0	0	0	0
0.909134	0	0	0	0	0	0
0.910348	0	0	0	0	0	0
0.911338	0	0	0	0	0	0
0.912501	0	0	0	0	0	0
0.913736	0	0	0	0	0	0
0.915028	0	0	0	0	0	0
0.916145	0	0	0	0	0	0
0.917231	0	0	0	0	0	0
0.918463	0	0	0	0	0	0
0.919524	0	0	0	0	0	0
0.920668	0	0	0	0	0	0
0.921902	0	0	0	0	0	0
0.923055	0	0	0	0	0	0
0.924031	0	0	0	0	0	0
0.925276	0	0	0	0	0	0
0.926701	0	0	0	0	0	0
0.928202	0	0	0	0	0	0
0.929477	0	0	0	0	0	0
0.930617	0	0	0	0	0	0
0.931848	0	0	0	0	0	0
0.933186	0	0	0	0	0	0
0.934512	0	0	0	0	0	0
0.935661	0	0	0	0	0	0
0.936668	0	0	0	0	0	0
0.937798	0	0	0	0	0	0
0.93894	0	0	0	0	0	0
0.940002	0	0	0	0	0	0
0.941294	0	0	0	0	0	0
0.942404	0	0	0	0	0	0
0.943489	0	0	0	0	0	0
0.944759	0	0	0	0	0	0
0.946158	0	0	0	0	0	0
0.947479	0	0	0	0	0	0
0.948861	0	0	0	0	0	0
0.950023	0	0	0	0	0	0
0.951306	0	0	0	0	0	0
0.952506	0	0	0	0	0	0
0.953771	0	0	0	0	0	0
0.954799	0	0	0	0	0	0
0.955718	0	0	0	0	0	0
0.956728	0	0	0	0	0	0
0.957884	0	0	0	0	0	0
0.959106	0	0	0	0	0	0
0.960258	0	0	0	0	0	0
0.961489	0	0	0	0	0	0
0.962785	0	0	0	0	0	0
0.963897	0	0	0	0	0	0
0.964855	0	0	0	0	0	0
0.965848	0	0	0	0	0	0
0.967102	0	0	0	0	0	0
0.968584	0	0	0	0	0	0
0.969857	0	0	0	0	0	0
0.970971	0	0	0	0	0	0
0.972105	0	0	0	0	0	0
0.973273	0	0	0	0	0	0
0.974426	0	0	0	0	0	0
0.975588	0	0	0	0	0	0
0.97666	0	0	0	0	0	0
0.977802	0	0	0	0	0	0
0.979	0	0	0	0	0	0
0.980303	0	0	0	0	0	0
0.981606	0	0	0	0	0	0
0.982986	0	0	0	0	0	0
0.984192	0	0	0	0	0	0
0.985334	0	0	0	0	0	0
0.986421	0	0	0	0	0	0
0.987594	0	0	0	0	0	0
0.988867	0	0	0	0	0	0
0.98999	0	0	0	0	0	0
0.990886	0	0	0	0	0	0
0.991906	0	0	0	0	0	0
0.993102	0	0	0	0	0	0
0.994396	0	0	0	0	0	0
0.995598	0	0	0	0	0	0
0.99691	0	0	0	0	0	0
0.998265	0	0	0	0	0	0
0.999603	0	0	0	0	0	0
1.00082	0	0	0	0	0	0
1.00196	0	0	0	0	0	0
1.00311	0	0	0	0	0	0
1.00449	0	0	0	0	0	0
1.00596	0	0	0	0	0	0
1.00733	0	0	0	0	0	0
1.0086	0	0	0	0	0	0
1.0098	0	0	0	0	0	0
1.01117	0	0	0	0	0	0
1.01229	0	0	0	0	0	0
1.01336	0	0	0	0	0	0
1.01459	0	0	0	0	0	0
1.01566	0	0	0	0	0	0
1.01662	0	0	0	0	0	0
1.01789	0	0	0	0	0	0
1.01935	0	0	0	0	0	0
1.02107	0	0	0	0	0	0
1.02241	0	0	0	0	0	0
1.02332	0	0	0	0	0	0
1.02448	0	0	0	0	0	0
1.02597	0	0	0	0	0	0
1.02746	0	0	0	0	0	0
1.02903	0	0	0	0	0	0
1.03048	0	0	0	0	0	0
1.03154	0	0	0	0	0	0
1.03265	0	0	0	0	0	0
1.03391	0	0	0	0	0	0
1.03521	0	0	0	0	0	0
1.03645	0	0	0	0	0	0
1.03776	0	0	0	0	0	0
1.03917	0	0	0	0	0	0
1.04046	0	0	0	0	0	0
1.04197	0	0	0	0	0	0
1.04336	0	0	0	0	0	0
1.04472	0	0	0	0	0	0
1.04624	0	0	0	0	0	0
1.04763	0	0	0	0	0	0
1.0488	0	0	0	0	0	0
1.05011	0	0	0	0	0	0
1.05129	0	0	0	0	0	0
1.05255	0	0	0	0	0	0
1.05402	0	0	0	0	0	0
1.05507	0	0	0	0	0	0
1.05588	0	0	0	0	0	0
1.05692	0	0	0	0	0	0
1.05822	0	0	0	0	0	0
1.05965	0	0	0	0	0	0
1.06095	0	0	0	0	0	0
1.06215	0	0	0	0	0	0
1.06345	0	0	0	0	0	0
1.06471	0	0	0	0	0	0
1.06606	0	0	0	0	0	0
1.06772	0	0	0	0	0	0
1.06938	0	0	0	0	0	0
1.07086	0	0	0	0	0	0
1.0722	0	0	0	0	0	0
1.07364	0	0	0	0	0	0
1.07516	0	0	0	0	0	0
1.07653	0	0	0	0	0	0
1.07778	0	0	0	0	0	0
1.07877	0	0	0	0	0	0
1.0797	0	0	0	0	0	0
1.08083	0	0	0	0	0	0
1.08227	0	0	0	0	0	0
1.08379	0	0	0	0	0	0
1.08498	0	0	0	0	0	0
1.08628	0	0	0	0	0	0
1.08754	0	0	0	0	0	0
1.08874	0	0	0	0	0	0
1.08994	0	0	0	0	0	0
1.09106	0	0	0	0	0	0
1.09217	0	0	0	0	0	0
1.0935	0	0	0	0	0	0
1.09456	0	0	0	0	0	0
1.0954	0	0	0	0	0	0
1.0966	0	0	0	0	0	0
1.09786	0	0	0	0	0	0
1.09942	0	0	0	0	0	0
1.1009	0	0	0	0	0	0
1.10232	0	0	0	0	0	0
1.10369	0	0	0	0	0	0
1.105	0	0	0	0	0	0
1.10644	0	0	0	0	0	0
1.10792	0	0	0	0	0	0
1.10941	0	0	0	0	0	0
1.11086	0	0	0	0	0	0
1.11231	0	0	0	0	0	0
1.11352	0	0	0	0	0	0
1.11466	0	0	0	0	0	0
1.11586	0	0	0	0	0	0
1.11703	0	0	0	0	0	0
1.11834	0	0	0	0	0	0
1.11958	0	0	0	0	0	0
1.12073	0	0	0	0	0	0
1.12205	0	0	0	0	0	0
1.12335	0	0	0	0	0	0
1.12445	0	0	0	0	0	0
1.12568	0	0	0	0	0	0
1.12696	0	0	0	0	0	0
1.12827	0	0	0	0	0	0
1.12962	0	0	0	0	0	0
1.13096	0	0	0	0	0	0
1.13209	0	0	0	0	0	0
1.1333	0	0	0	0	0	0
1.13464	0	0	0	0	0	0
1.13597	0	0	0	0	0	0
1.13724	0	0	0	0	0	0
1.13858	0	0	0	0	0	0
1.14011	0	0	0	0	0	0
1.1417	0	0	0	0	0	0
1.14285	0	0	0	0	0	0
1.14377	0	0	0	0	0	0
1.14494	0	0	0	0	0	0
1.14638	0	0	0	0	0	0
1.14803	0	0	0	0	0	0
1.14917	0	0	0	0	0	0
1.15001	0	0	0	0	0	0
1.15113	0	0	0	0	0	0
1.1524	0	0	0	0	0	0
1.15372	0	0	0	0	0	0
1.15496	0	0	0	0	0	0
1.15632	0	0	0	0	0	0
1.15777	0	0	0	0	0	0
1.15937	0	0	0	0	0	0
1.16079	0	0	0	0	0	0
1.16223	0	0	0	0	0	0
1.16353	0	0	0	0	0	0
1.16467	0	0	0	0	0	0
1.16589	0	0	0	0	0	0
1.16725	0	0	0	0	0	0
1.16858	0	0	0	0	0	0
1.16981	0	0	0	0	0	0
1.17099	0	0	0	0	0	0
1.17254	0	0	0	0	0	0
1.17413	0	0	0	0	0	0
1.17572	0	0	0	0	0	0
1.17721	0	0	0	0	0	0
1.17865	0	0	0	0	0	0
1.17989	0	0	0	0	0	0
1.18138	0	0	0	0	0	0
1.183	0	0	0	0	0	0
1.1844	0	0	0	0	0	0
1.18562	0	0	0	0	0	0
1.1871	0	0	0	0	0	0
1.18886	0	0	0	0	0	0
1.19071	0	0	0	0	0	0
1.192	0	0	0	0	0	0
1.1932	0	0	0	0	0	0
1.19455	0	0	0	0	0	0
1.19596	0	0	0	0	0	0
1.19703	0	0	0	0	0	0
1.19812	0	0	0	0	0	0
1.19929	0	0	0	0	0	0
1.20032	0	0	0	0	0	0
1.20141	0	0	0	0	0	0
1.20267	0	0	0	0	0	0
1.2038	0	0	0	0	0	0
1.20489	0	0	0	0	0	0
1.20612	0	0	0	0	0	0
1.20723	0	0	0	0	0	0
1.20811	0	0	0	0	0	0
1.20913	0	0	0	0	0	0
1.21031	0	0	0	0	0	0
1.21158	0	0	0	0	0	0
1.21272	0	0	0	0	0	0
1.21385	0	0	0	0	0	0
1.215	0	0	0	0	0	0
1.2162	0	0	0	0	0	0
1.21758	0	0	0	0	0	0
1.21906	0	0	0	0	0	0
1.22036	0	0	0	0	0	0
1.22156	0	0	0	0	0	0
1.22257	0	0	0	0	0	0
1.22381	0	0	0	0	0	0
1.22485	0	0	0	0	0	0
1.22589	0	0	0	0	0	0
1.22698	0	0	0	0	0	0
1.22806	0	0	0	0	0	0
1.22919	0	0	0	0	0	0
1.23047	0	0	0	0	0	0
1.23152	0	0	0	0	0	0
1.23244	0	0	0	0	0	0
1.23362	0	0	0	0	0	0
1.23484	0	0	0	0	0	0
1.23582	0	0	0	0	0	0
1.23677	0	0	0	0	0	0
1.23784	0	0	0	0	0	0
1.23879	0	0	0	0	0	0
1.23967	0	0	0	0	0	0
1.24063	0	0	0	0	0	0
1.24176	0	0	0	0	0	0
1.2429	0	0	0	0	0	0
1.24392	0	0	0	0	0	0
1.24481	0	0	0	0	0	0
1.24572	0	0	0	0	0	0
1.24672	0	0	0	0	0	0
1.24778	0	0	0	0	0	0
1.24884	0	0	0	0	0	0
1.24983	0	0	0	0	0	0
1.251	0	0	0	0	0	0
1.25199	0	0	0	0	0	0
1.25283	0	0	0	0	0	0
1.25374	0	0	0	0	0	0
1.25473	0	0	0	0	0	0
1.25581	0	0	0	0	0	0
1.2568	0	0	0	0	0	0
1.25769	0	0	0	0	0	0
1.25874	0	0	0	0	0	0
1.25972	0	0	0	0	0	0
1.26076	0	0	0	0	0	0
1.26175	0	0	0	0	0	0
1.26277	0	0	0	0	0	0
1.26391	0	0	0	0	0	0
1.26504	0	0	0	0	0	0
1.26605	0	0	0	0	0	0
1.26706	0	0	0	0	0	0
1.26813	0	0	0	0	0	0
1.26928	0	0	0	0	0	0
1.2704	0	0	0	0	0	0
1.27147	0	0	0	0	0	0
1.27254	0	0	0	0	0	0
1.27349	0	0	0	0	0	0
1.27438	0	0	0	0	0	0
1.27536	0	0	0	0	0	0
1.27642	0	0	0	0	0	0
1.27736	0	0	0	0	0	0
1.27853	0	0	0	0	0	0
1.27967	0	0	0	0	0	0
1.28072	0	0	0	0	0	0
1.28179	0	0	0	0	0	0
1.28283	0	0	0	0	0	0
1.28388	0	0	0	0	0	0
1.28496	0	0	0	0	0	0
1.28596	0	0	0	0	0	0
1.28693	0	0	0	0	0	0
1.28797	0	0	0	0	0	0
1.28891	0	0	0	0	0	0
1.28975	0	0	0	0	0	0
1.29065	0	0	0	0	0	0
1.29168	0	0	0	0	0	0
1.2928	0	0	0	0	0	0
1.29381	0	0	0	0	0	0
1.29461	0	0	0	0	0	0
1.29543	0	0	0	0	0	0
1.29652	0	0	0	0	0	0
1.29764	0	0	0	0	0	0
1.29868	0	0	0	0	0	0
1.29983	0	0	0	0	0	0
1.30093	0	0	0	0	0	0
1.3021	0	0	0	0	0	0
1.30323	0	0	0	0	0	0
1.30428	0	0	0	0	0	0
1.30533	0	0	0	0	0	0
1.30629	0	0	0	0	0	0
1.3073	0	0	0	0	0	0
1.30837	0	0	0	0	0	0
1.30943	0	0	0	0	0	0
1.31044	0	0	0	0	0	0
1.31149	0	0	0	0	0	0
1.31262	0	0	0	0	0	0
1.31382	0	0	0	0	0	0
1.31493	0	0	0	0	0	0
1.31591	0	0	0	0	0	0
1.31678	0	0	0	0	0	0
1.31774	0	0	0	0	0	0
1.31876	0	0	0	0	0	0
1.31984	0	0	0	0	0	0
1.32091	0	0	0	0	0	0
1.32182	0	0	0	0	0	0
1.32273	0	0	0	0	0	0
1.32372	0	0	0	0	0	0
1.32466	0	0	0	0	0	0
1.32567	0	0	0	0	0	0
1.3268	0	0	0	0	0	0
1.32799	0	0	0	0	0	0
1.3291	0	0	0	0	0	0
1.33017	0	0	0	0	0	0
1.33124	0	0	0	0	0	0
1.33241	0	0	0	0	0	0
1.33344	0	0	0	0	0	0
1.33453	0	0	0	0	0	0
1.33559	0	0	0	0	0	0
1.33655	0	0	0	0	0	0
1.33748	0	0	0	0	0	0
1.33849	0	0	0	0	0	0
1.33961	0	0	0	0	0	0
1.34067	0	0	0	0	0	0
1.34165	0	0	0	0	0	0
1.34266	0	0	0	0	0	0
1.34373	0	0	0	0	0	0
1.34479	0	0	0	0	0	0
1.34579	0	0	0	0	0	0
1.34697	0	0	0	0	0	0
1.34818	0	0	0	0	0	0
1.34921	0	0	0	0	0	0
1.35021	0	0	0	0	0	0
1.35123	0	0	0	0	0	0
1.35228	0	0	0	0	0	0
1.35328	0	0	0	0	0	0
1.35426	0	0	0	0	0	0
1.35538	0	0	0	0	0	0
1.35648	0	0	0	0	0	0
1.35743	0	0	0	0	0	0
1.35848	0	0	0	0	0	0
1.35957	0	0	0	0	0	0
1.36065	0	0	0	0	0	0
1.36176	0	0	0	0	0	0
1.36275	0	0	0	0	0	0
1.36356	0	0	0	0	0	0
1.36444	0	0	0	0	0	0
1.36546	0	0	0	0	0	0
1.36658	0	0	0	0	0	0
1.36766	0	0	0	0	0	0
1.36859	0	0	0	0	0	0
1.36965	0	0	0	0	0	0
1.37068	0	0	0	0	0	0
1.37151	0	0	0	0	0	0
1.37242	0	0	0	0	0	0
1.37352	0	0	0	0	0	0
1.37463	0	0	0	0	0	0
1.37558	0	0	0	0	0	0
1.37641	0	0	0	0	0	0
1.37741	0	0	0	0	0	0
1.3783	0	0	0	0	0	0
1.37914	0	0	0	0	0	0
1.38013	0	0	0	0	0	0
1.38105	0	0	0	0	0	0
1.38201	0	0	0	0	0	0
1.38308	0	0	0	0	0	0
1.38415	0	0	0	0	0	0
1.38502	0	0	0	0	0	0
1.38603	0	0	0	0	0	0
1.38715	0	0	0	0	0	0
1.38831	0	0	0	0	0	0
1.38923	0	0	0	0	0	0
1.39005	0	0	0	0	0	0
1.39096	0	0	0	0	0	0
1.392	0	0	0	0	0	0
1.39309	0	0	0	0	0	0
1.39424	0	0	0	0	0	0
1.39511	0	0	0	0	0	0
1.39609	0	0	0	0	0	0
1.39715	0	0	0	0	0	0
1.39826	0	0	0	0	0	0
1.39918	0	0	0	0	0	0
1.40007	0	0	0	0	0	0
1.40109	0	0	0	0	0	0
1.40207	0	0	0	0	0	0
1.40314	0	0	0	0	0	0
1.40426	0	0	0	0	0	0
1.40539	0	0	0	0	0	0
1.4064	0	0	0	0	0	0
1.40717	0	0	0	0	0	0
1.4082	0	0	0	0	0	0
1.40917	0	0	0	0	0	0
1.41008	0	0	0	0	0	0
1.41117	0	0	0	0	0	0
1.4124	0	0	0	0	0	0
1.41359	0	0	0	0	0	0
1.41474	0	0	0	0	0	0
1.41568	0	0	0	0	0	0
1.41656	0	0	0	0	0	0
1.41748	0	0	0	0	0	0
1.41845	0	0	0	0	0	0
1.41957	0	0	0	0	0	0
1.42052	0	0	0	0	0	0
1.42146	0	0	0	0	0	0
1.42239	0	0	0	0	0	0
1.42343	0	0	0	0	0	0
1.42457	0	0	0	0	0	0
1.42562	0	0	0	0	0	0
1.42655	0	0	0	0	0	0
1.42751	0	0	0	0	0	0
1.42854	0	0	0	0	0	0
1.42968	0	0	0	0	0	0
1.43075	0	0	0	0	0	0
1.43179	0	0	0	0	0	0
1.43264	0	0	0	0	0	0
1.43363	0	0	0	0	0	0
1.43462	0	0	0	0	0	0
1.43547	0	0	0	0	0	0
1.43642	0	0	0	0	0	0
1.43748	0	0	0	0	0	0
1.43853	0	0	0	0	0	0
1.43961	0	0	0	0	0	0
1.44064	0	0	0	0	0	0
1.4417	0	0	0	0	0	0
1.44283	0	0	0	0	0	0
1.4441	0	0	0	0	0	0
1.4452	0	0	0	0	0	0
1.44621	0	0	0	0	0	0
1.44722	0	0	0	0	0	0
1.44827	0	0	0	0	0	0
1.44935	0	0	0	0	0	0
1.45036	0	0	0	0	0	0
1.45133	0	0	0	0	0	0
1.45243	0	0	0	0	0	0
1.45346	0	0	0	0	0	0
1.45453	0	0	0	0	0	0
1.45553	0	0	0	0	0	0
1.4565	0	0	0	0	0	0
1.45747	0	0	0	0	0	0
1.45864	0	0	0	0	0	0
1.45977	0	0	0	0	0	0
1.46076	0	0	0	0	0	0
1.46163	0	0	0	0	0	0
1.4626	0	0	0	0	0	0
1.46361	0	0	0	0	0	0
1.46469	0	0	0	0	0	0
1.46586	0	0	0	0	0	0
1.46707	0	0	0	0	0	0
1.46796	0	0	0	0	0	0
1.46889	0	0	0	0	0	0
1.46992	0	0	0	0	0	0
1.47101	0	0	0	0	0	0
1.47226	0	0	0	0	0	0
1.47343	0	0	0	0	0	0
1.47454	0	0	0	0	0	0
1.47544	0	0	0	0	0	0
1.47625	0	0	0	0	0	0
1.47716	0	0	0	0	0	0
1.47822	0	0	0	0	0	0
1.47923	0	0	0	0	0	0
1.48032	0	0	0	0	0	0
1.48148	0	0	0	0	0	0
1.48252	0	0	0	0	0	0
1.48354	0	0	0	0	0	0
1.48466	0	0	0	0	0	0
1.48564	0	0	0	0	0	0
1.48648	0	0	0	0	0	0
1.48748	0	0	0	0	0	0
1.48865	0	0	0	0	0	0
1.48978	0	0	0	0	0	0
1.49081	0	0	0	0	0	0
1.49186	0	0	0	0	0	0
1.49287	0	0	0	0	0	0
1.49397	0	0	0	0	0	0
1.49506	0	0	0	0	0	0
1.49592	0	0	0	0	0	0
1.49676	0	0	0	0	0	0
1.49777	0	0	0	0	0	0
1.49873	0	0	0	0	0	0
1.49964	0	0	0	0	0	0
1.50061	0	0	0	0	0	0
1.50169	0	0	0	0	0	0
1.50276	0	0	0	0	0	0
1.50379	0	0	0	0	0	0
1.50466	0	0	0	0	0	0
1.5056	0	0	0	0	0	0
1.50658	0	0	0	0	0	0
1.50764	0	0	0	0	0	0
1.50855	0	0	0	0	0	0
1.50938	0	0	0	0	0	0
1.5105	0	0	0	0	0	0
1.51162	0	0	0	0	0	0
1.5127	0	0	0	0	0	0
1.5138	0	0	0	0	0	0
1.51494	0	0	0	0	0	0
1.51589	0	0	0	0	0	0
1.51685	0	0	0	0	0	0
1.51786	0	0	0	0	0	0
1.51909	0	0	0	0	0	0
1.52004	0	0	0	0	0	0
1.52095	0	0	0	0	0	0
1.52192	0	0	0	0	0	0
1.52291	0	0	0	0	0	0
1.52393	0	0	0	0	0	0
1.52496	0	0	0	0	0	0
1.52592	0	0	0	0	0	0
1.52688	0	0	0	0	0	0
1.52794	0	0	0	0	0	0
1.52895	0	0	0	0	0	0
1.53001	0	0	0	0	0	0
1.531	0	0	0	0	0	0
1.53198	0	0	0	0	0	0
1.53318	0	0	0	0	0	0
1.53416	0	0	0	0	0	0
1.53527	0	0	0	0	0	0
1.53633	0	0	0	0	0	0
1.53746	0	0	0	0	0	0
1.53844	0	0	0	0	0	0
1.53924	0	0	0	0	0	0
1.54022	0	0	0	0	0	0
1.54116	0	0	0	0	0	0
1.54219	0	0	0	0	0	0
1.54324	0	0	0	0	0	0
1.54436	0	0	0	0	0	0
1.54545	0	0	0	0	0	0
1.54663	0	0	0	0	0	0
1.54775	0	0	0	0	0	0
1.54885	0	0	0	0	0	0
1.54986	0	0	0	0	0	0
1.55073	0	0	0	0	0	0
1.55167	0	0	0	0	0	0
1.55273	0	0	0	0	0	0
1.55384	0	0	0	0	0	0
1.55494	0	0	0	0	0	0
1.55596	0	0	0	0	0	0
1.55699	0	0	0	0	0	0
1.55792	0	0	0	0	0	0
1.55871	0	0	0	0	0	0
1.55958	0	0	0	0	0	0
1.56068	0	0	0	0	0	0
1.56187	0	0	0	0	0	0
1.56287	0	0	0	0	0	0
1.5638	0	0	0	0	0	0
1.56498	0	0	0	0	0	0
1.56606	0	0	0	0	0	0
1.56706	0	0	0	0	0	0
1.56814	0	0	0	0	0	0
1.56921	0	0	0	0	0	0
1.57027	0	0	0	0	0	0
1.57129	0	0	0	0	0	0
1.57236	0	0	0	0	0	0
1.57341	0	0	0	0	0	0
1.57461	0	0	0	0	0	0
1.57565	0	0	0	0	0	0
1.57658	0	0	0	0	0	0
1.57776	0	0	0	0	0	0
1.57888	0	0	0	0	0	0
1.57998	0	0	0	0	0	0
1.58116	0	0	0	0	0	0
1.58226	0	0	0	0	0	0
1.58331	0	0	0	0	0	0
1.58434	0	0	0	0	0	0
1.58532	0	0	0	0	0	0
1.58641	0	0	0	0	0	0
1.58736	0	0	0	0	0	0
1.58814	0	0	0	0	0	0
1.58904	0	0	0	0	0	0
1.59002	0	0	0	0	0	0
1.59105	0	0	0	0	0	0
1.59214	0	0	0	0	0	0
1.59312	0	0	0	0	0	0
1.59422	0	0	0	0	0	0
1.59523	0	0	0	0	0	0
1.59616	0	0	0	0	0	0
1.59713	0	0	0	0	0	0
1.5982	0	0	0	0	0	0
1.5993	0	0	0	0	0	0
1.60046	0	0	0	0	0	0
1.60145	0	0	0	0	0	0
1.60253	0	0	0	0	0	0
1.60345	0	0	0	0	0	0
1.60419	0	0	0	0	0	0
1.60507	0	0	0	0	0	0
1.60607	0	0	0	0	0	0
1.6073	0	0	0	0	0	0
1.60832	0	0	0	0	0	0
1.60927	0	0	0	0	0	0
1.61037	0	0	0	0	0	0
1.61143	0	0	0	0	0	0
1.61252	0	0	0	0	0	0
1.61357	0	0	0	0	0	0
1.61436	0	0	0	0	0	0
1.61532	0	0	0	0	0	0
1.61634	0	0	0	0	0	0
1.61762	0	0	0	0	0	0
1.61866	0	0	0	0	0	0
1.61961	0	0	0	0	0	0
1.62065	0	0	0	0	0	0
1.62167	0	0	0	0	0	0
1.62275	0	0	0	0	0	0
1.62377	0	0	0	0	0	0
1.62476	0	0	0	0	0	0
1.62608	0	0	0	0	0	0
1.62712	0	0	0	0	0	0
1.62807	0	0	0	0	0	0
1.62896	0	0	0	0	0	0
1.62991	0	0	0	0	0	0
1.63091	0	0	0	0	0	0
1.63191	0	0	0	0	0	0
1.63302	0	0	0	0	0	0
1.6341	0	0	0	0	0	0
1.63504	0	0	0	0	0	0
1.63591	0	0	0	0	0	0
1.63688	0	0	0	0	0	0
1.63796	0	0	0	0	0	0
1.63902	0	0	0	0	0	0
1.64	0	0	0	0	0	0
1.64086	0	0	0	0	0	0
1.64185	0	0	0	0	0	0
1.64287	0	0	0	0	0	0
1.64382	0	0	0	0	0	0
1.64487	0	0	0	0	0	0
1.64587	0	0	0	0	0	0
1.64685	0	0	0	0	0	0
1.64795	0	0	0	0	0	0
1.64908	0	0	0	0	0	0
1.65004	0	0	0	0	0	0
1.65104	0	0	0	0	0	0
1.65207	0	0	0	0	0	0
1.65316	0	0	0	0	0	0
1.65419	0	0	0	0	0	0
1.65505	0	0	0	0	0	0
1.65609	0	0	0	0	0	0
1.65715	0	0	0	0	0	0
1.65817	0	0	0	0	0	0
1.65921	0	0	0	0	0	0
1.66023	0	0	0	0	0	0
1.66136	0	0	0	0	0	0
1.66242	0	0	0	0	0	0
1.66332	0	0	0	0	0	0
1.66444	0	0	0	0	0	0
1.66555	0	0	0	0	0	0
1.66656	0	0	0	0	0	0
1.66766	0	0	0	0	0	0
1.66873	0	0	0	0	0	0
1.66988	0	0	0	0	0	0
1.67104	0	0	0	0	0	0
1.67201	0	0	0	0	0	0
1.67294	0	0	0	0	0	0
1.67397	0	0	0	0	0	0
1.67494	0	0	0	0	0	0
1.67582	0	0	0	0	0	0
1.67685	0	0	0	0	0	0
1.67789	0	0	0	0	0	0
1.67892	0	0	0	0	0	0
1.67994	0	0	0	0	0	0
1.68071	0	0	0	0	0	0
1.68168	0	0	0	0	0	0
1.68272	0	0	0	0	0	0
1.68375	0	0	0	0	0	0
1.68483	0	0	0	0	0	0
1.68592	0	0	0	0	0	0
1.68717	0	0	0	0	0	0
1.68867	0	0	0	0	0	0
1.68989	0	0	0	0	0	0
1.69086	0	0	0	0	0	0
1.69206	0	0	0	0	0	0
1.69325	0	0	0	0	0	0
1.69429	0	0	0	0	0	0
1.69539	0	0	0	0	0	0
1.69655	0	0	0	0	0	0
1.69773	0	0	0	0	0	0
1.69897	0	0	0	0	0	0
1.70012	0	0	0	0	0	0
1.70137	0	0	0	0	0	0
1.70243	0	0	0	0	0	0
1.70332	0	0	0	0	0	0
1.70439	0	0	0	0	0	0
1.70571	0	0	0	0	0	0
1.70684	0	0	0	0	0	0
1.70795	0	0	0	0	0	0
1.70922	0	0	0	0	0	0
1.71031	0	0	0	0	0	0
1.71134	0	0	0	0	0	0
1.71247	0	0	0	0	0	0
1.71352	0	0	0	0	0	0
1.71447	0	0	0	0	0	0
1.7155	0	0	0	0	0	0
1.71669	0	0	0	0	0	0
1.71808	0	0	0	0	0	0
1.71911	0	0	0	0	0	0
1.72013	0	0	0	0	0	0
1.72119	0	0	0	0	0	0
1.72228	0	0	0	0	0	0
1.72327	0	0	0	0	0	0
1.72437	0	0	0	0	0	0
1.72537	0	0	0	0	0	0
1.72618	0	0	0	0	0	0
1.72706	0	0	0	0	0	0
1.72817	0	0	0	0	0	0
1.72933	0	0	0	0	0	0
1.73036	0	0	0	0	0	0
1.73148	0	0	0	0	0	0
1.73256	0	0	0	0	0	0
1.73348	0	0	0	0	0	0
1.73447	0	0	0	0	0	0
1.73553	0	0	0	0	0	0
1.7366	0	0	0	0	0	0
1.73757	0	0	0	0	0	0
1.73865	0	0	0	0	0	0
1.73975	0	0	0	0	0	0
1.74067	0	0	0	0	0	0
1.74174	0	0	0	0	0	0
1.74287	0	0	0	0	0	0
1.74388	0	0	0	0	0	0
1.7448	0	0	0	0	0	0
1.74608	0	0	0	0	0	0
1.74721	0	0	0	0	0	0
1.74833	0	0	0	0	0	0
1.74935	0	0	0	0	0	0
1.7505	0	0	0	0	0	0
1.75158	0	0	0	0	0	0
1.75264	0	0	0	0	0	0
1.75368	0	0	0	0	0	0
1.7549	0	0	0	0	0	0
1.7561	0	0	0	0	0	0
1.7571	0	0	0	0	0	0
1.75815	0	0	0	0	0	0
1.75933	0	0	0	0	0	0
1.76044	0	0	0	0	0	0
1.76148	0	0	0	0	0	0
1.76257	0	0	0	0	0	0
1.76367	0	0	0	0	0	0
1.76478	0	0	0	0	0	0
1.76582	0	0	0	0	0	0
1.76683	0	0	0	0	0	0
1.76795	0	0	0	0	0	0
1.76915	0	0	0	0	0	0
1.77032	0	0	0	0	0	0
1.77145	0	0	0	0	0	0
1.77259	0	0	0	0	0	0
1.7736	0	0	0	0	0	0
1.77459	0	0	0	0	0	0
1.77569	0	0	0	0	0	0
1.77681	0	0	0	0	0	0
1.77803	0	0	0	0	0	0
1.77902	0	0	0	0	0	0
1.78	0	0	0	0	0	0
1.78099	0	0	0	0	0	0
1.78204	0	0	0	0	0	0
1.78312	0	0	0	0	0	0
1.78421	0	0	0	0	0	0
1.78507	0	0	0	0	0	0
1.78601	0	0	0	0	0	0
1.78717	0	0	0	0	0	0
1.78824	0	0	0	0	0	0
1.78927	0	0	0	0	0	0
1.79038	0	0	0	0	0	0
1.79157	0	0	0	0	0	0
1.79262	0	0	0	0	0	0
1.79367	0	0	0	0	0	0
1.79481	0	0	0	0	0	0
1.79578	0	0	0	0	0	0
1.79672	0	0	0	0	0	0
1.79774	0	0	0	0	0	0
1.79889	0	0	0	0	0	0
1.79988	0	0	0	0	0	0
1.80096	0	0	0	0	0	0
1.80192	0	0	0	0	0	0
1.80305	0	0	0	0	0	0
1.80405	0	0	0	0	0	0
1.80504	0	0	0	0	0	0
1.80594	0	0	0	0	0	0
1.80691	0	0	0	0	0	0
1.80795	0	0	0	0	0	0
1.80905	0	0	0	0	0	0
1.81025	0	0	0	0	0	0
1.81139	0	0	0	0	0	0
1.81237	0	0	0	0	0	0
1.81354	0	0	0	0	0	0
1.81473	0	0	0	0	0	0
1.8159	0	0	0	0	0	0
1.81707	0	0	0	0	0	0
1.81819	0	0	0	0	0	0
1.81929	0	0	0	0	0	0
1.82045	0	0	0	0	0	0
1.82148	0	0	0	0	0	0
1.82245	0	0	0	0	0	0
1.82347	0	0	0	0	0	0
1.82451	0	0	0	0	0	0
1.82562	0	0	0	0	0	0
1.82673	0	0	0	0	0	0
1.82786	0	0	0	0	0	0
1.82898	0	0	0	0	0	0
1.83016	0	0	0	0	0	0
1.83129	0	0	0	0	0	0
1.83237	0	0	0	0	0	0
1.83338	0	0	0	0	0	0
1.83443	0	0	0	0	0	0
1.83551	0	0	0	0	0	0
1.83661	0	0	0	0	0	0
1.83762	0	0	0	0	0	0
1.83865	0	0	0	0	0	0
1.83979	0	0	0	0	0	0
1.84088	0	0	0	0	0	0
1.84181	0	0	0	0	0	0
1.84257	0	0	0	0	0	0
1.84353	0	0	0	0	0	0
1.84459	0	0	0	0	0	0
1.84586	0	0	0	0	0	0
1.84693	0	0	0	0	0	0
1.84809	0	0	0	0	0	0
1.84932	0	0	0	0	0	0
1.85079	0	0	0	0	0	0
1.85177	0	0	0	0	0	0
1.85274	0	0	0	0	0	0
1.85395	0	0	0	0	0	0
1.85517	0	0	0	0	0	0
1.8564	0	0	0	0	0	0
1.85752	0	0	0	0	0	0
1.85858	0	0	0	0	0	0
1.8597	0	0	0	0	0	0
1.86091	0	0	0	0	0	0
1.86197	0	0	0	0	0	0
1.86289	0	0	0	0	0	0
1.86399	0	0	0	0	0	0
1.86497	0	0	0	0	0	0
1.86578	0	0	0	0	0	0
1.86677	0	0	0	0	0	0
1.86796	0	0	0	0	0	0
1.86912	0	0	0	0	0	0
1.87036	0	0	0	0	0	0
1.87134	0	0	0	0	0	0
1.87251	0	0	0	0	0	0
1.87373	0	0	0	0	0	0
1.87492	0	0	0	0	0	0
1.87606	0	0	0	0	0	0
1.87714	0	0	0	0	0	0
1.87844	0	0	0	0	0	0
1.87956	0	0	0	0	0	0
1.88054	0	0	0	0	0	0
1.88179	0	0	0	0	0	0
1.88307	0	0	0	0	0	0
1.88449	0	0	0	0	0	0
1.88589	0	0	0	0	0	0
1.88727	0	0	0	0	0	0
1.88842	0	0	0	0	0	0
1.88953	0	0	0	0	0	0
1.89061	0	0	0	0	0	0
1.89165	0	0	0	0	0	0
1.89274	0	0	0	0	0	0
1.89387	0	0	0	0	0	0
1.89508	0	0	0	0	0	0
1.89619	0	0	0	0	0	0
1.89735	0	0	0	0	0	0
1.89855	0	0	0	0	0	0
1.89977	0	0	0	0	0	0
1.90077	0	0	0	0	0	0
1.90173	0	0	0	0	0	0
1.90279	0	0	0	0	0	0
1.90386	0	0	0	0	0	0
1.9051	0	0	0	0	0	0
1.90619	0	0	0	0	0	0
1.90717	0	0	0	0	0	0
1.90828	0	0	0	0	0	0
1.90937	0	0	0	0	0	0
1.9104	0	0	0	0	0	0
1.9115	0	0	0	0	0	0
1.91255	0	0	0	0	0	0
1.91349	0	0	0	0	0	0
1.91453	0	0	0	0	0	0
1.91596	0	0	0	0	0	0
1.91741	0	0	0	0	0	0
1.91845	0	0	0	0	0	0
1.91939	0	0	0	0	0	0
1.92038	0	0	0	0	0	0
1.92154	0	0	0	0	0	0
1.92282	0	0	0	0	0	0
1.92389	0	0	0	0	0	0
1.92487	0	0	0	0	0	0
1.92599	0	0	0	0	0	0
1.92694	0	0	0	0	0	0
1.92792	0	0	0	0	0	0
1.92905	0	0	0	0	0	0
1.93007	0	0	0	0	0	0
1.9311	0	0	0	0	0	0
1.93247	0	0	0	0	0	0
1.93348	0	0	0	0	0	0
1.93449	0	0	0	0	0	0
1.93566	0	0	0	0	0	0
1.93676	0	0	0	0	0	0
1.93789	0	0	0	0	0	0
1.93898	0	0	0	0	0	0
1.94009	0	0	0	0	0	0
1.94128	0	0	0	0	0	0
1.94253	0	0	0	0	0	0
1.94364	0	0	0	0	0	0
1.94504	0	0	0	0	0	0
1.94629	0	0	0	0	0	0
1.94736	0	0	0	0	0	0
1.94863	0	0	0	0	0	0
1.94962	0	0	0	0	0	0
1.9505	0	0	0	0	0	0
1.95163	0	0	0	0	0	0
1.9527	0	0	0	0	0	0
1.9538	0	0	0	0	0	0
1.95487	0	0	0	0	0	0
1.9558	0	0	0	0	0	0
1.95687	0	0	0	0	0	0
1.95792	0	0	0	0	0	0
1.95895	0	0	0	0	0	0
1.95995	0	0	0	0	0	0
1.96096	0	0	0	0	0	0
1.96206	0	0	0	0	0	0
1.96305	0	0	0	0	0	0
1.9639	0	0	0	0	0	0
1.96482	0	0	0	0	0	0
1.96585	0	0	0	0	0	0
1.96701	0	0	0	0	0	0
1.96826	0	0	0	0	0	0
1.96913	0	0	0	0	0	0
1.97032	0	0	0	0	0	0
1.97148	0	0	0	0	0	0
1.97267	0	0	0	0	0	0
1.97392	0	0	0	0	0	0
1.97502	0	0	0	0	0	0
1.97612	0	0	0	0	0	0
1.97727	0	0	0	0	0	0
1.97836	0	0	0	0	0	0
1.97937	0	0	0	0	0	0
1.98053	0	0	0	0	0	0
1.98153	0	0	0	0	0	0
1.98252	0	0	0	0	0	0
1.98353	0	0	0	0	0	0
1.98446	0	0	0	0	0	0
1.98549	0	0	0	0	0	0
1.98654	0	0	0	0	0	0
1.98762	0	0	0	0	0	0
1.98862	0	0	0	0	0	0
1.98983	0	0	0	0	0	0
1.99091	0	0	0	0	0	0
1.99203	0	0	0	0	0	0
1.99306	0	0	0	0	0	0
1.99403	0	0	0	0	0	0
1.99504	0	0	0	0	0	0
1.99646	0	0	0	0	0	0
1.99781	0	0	0	0	0	0
1.99887	0	0	0	0	0	0
1.9997	0	0	0	0	0	0
2.00064	0	0	0	0	0	0
2.00172	0	0	0	0	0	0
2.00283	0	0	0	0	0	0
2.00386	0	0	0	0	0	0
2.00482	0	0	0	0	0	0
2.00587	0	0	0	0	0	0
2.0069	0	0	0	0	0	0
2.00803	0	0	0	0	0	0
2.00912	0	0	0	0	0	0
2.01007	0	0	0	0	0	0
2.01104	0	0	0	0	0	0
2.01218	0	0	0	0	0	0
2.01348	0	0	0	0	0	0
2.01455	0	0	0	0	0	0
2.01548	0	0	0	0	0	0
2.01657	0	0	0	0	0	0
2.01765	0	0	0	0	0	0
2.01882	0	0	0	0	0	0
2.01974	0	0	0	0	0	0
2.02059	0	0	0	0	0	0
2.0215	0	0	0	0	0	0
2.02257	0	0	0	0	0	0
2.02359	0	0	0	0	0	0
2.02469	0	0	0	0	0	0
2.02579	0	0	0	0	0	0
2.02699	0	0	0	0	0	0
2.02797	0	0	0	0	0	0
2.02883	0	0	0	0	0	0
2.0298	0	0	0	0	0	0
2.03083	0	0	0	0	0	0
2.03199	0	0	0	0	0	0
2.03308	0	0	0	0	0	0
2.03409	0	0	0	0	0	0
2.03508	0	0	0	0	0	0
2.03606	0	0	0	0	0	0
2.03693	0	0	0	0	0	0
2.03783	0	0	0	0	0	0
2.03891	0	0	0	0	0	0
2.04016	0	0	0	0	0	0
2.04136	0	0	0	0	0	0
2.04241	0	0	0	0	0	0
2.0434	0	0	0	0	0	0
2.04447	0	0	0	0	0	0
2.04557	0	0	0	0	0	0
2.04651	0	0	0	0	0	0
2.04755	0	0	0	0	0	0
2.04863	0	0	0	0	0	0
2.04978	0	0	0	0	0	0
2.05088	0	0	0	0	0	0
2.05196	0	0	0	0	0	0
2.05315	0	0	0	0	0	0
2.05416	0	0	0	0	0	0
2.05498	0	0	0	0	0	0
2.05591	0	0	0	0	0	0
2.05693	0	0	0	0	0	0
2.05797	0	0	0	0	0	0
2.05896	0	0	0	0	0	0
2.06005	0	0	0	0	0	0
2.06135	0	0	0	0	0	0
2.06241	0	0	0	0	0	0
2.06352	0	0	0	0	0	0
2.06466	0	0	0	0	0	0
2.06576	0	0	0	0	0	0
2.06686	0	0	0	0	0	0
2.06803	0	0	0	0	0	0
2.06908	0	0	0	0	0	0
2.07009	0	0	0	0	0	0
2.07113	0	0	0	0	0	0
2.07218	0	0	0	0	0	0
2.07353	0	0	0	0	0	0
2.07489	0	0	0	0	0	0
2.07608	0	0	0	0	0	0
2.07714	0	0	0	0	0	0
2.07807	0	0	0	0	0	0
2.07915	0	0	0	0	0	0
2.08028	0	0	0	0	0	0
2.08136	0	0	0	0	0	0
2.08252	0	0	0	0	0	0
2.08371	0	0	0	0	0	0
2.08465	0	0	0	0	0	0
2.08559	0	0	0	0	0	0
2.08666	0	0	0	0	0	0
2.08771	0	0	0	0	0	0
2.08875	0	0	0	0	0	0
2.09002	0	0	0	0	0	0
2.09128	0	0	0	0	0	0
2.09239	0	0	0	0	0	0
2.09347	0	0	0	0	0	0
2.09482	0	0	0	0	0	0
2.09635	0	0	0	0	0	0
2.09764	0	0	0	0	0	0
2.09876	0	0	0	0	0	0
2.09989	0	0	0	0	0	0
2.10102	0	0	0	0	0	0
2.10209	0	0	0	0	0	0
2.1032	0	0	0	0	0	0
2.10421	0	0	0	0	0	0
2.10537	0	0	0	0	0	0
2.10643	0	0	0	0	0	0
2.10756	0	0	0	0	0	0
2.10869	0	0	0	0	0	0
2.10968	0	0	0	0	0	0
2.11054	0	0	0	0	0	0
2.1115	0	0	0	0	0	0
2.1126	0	0	0	0	0	0
2.11402	0	0	0	0	0	0
2.11534	0	0	0	0	0	0
2.11649	0	0	0	0	0	0
2.11745	0	0	0	0	0	0
2.11842	0	0	0	0	0	0
2.11947	0	0	0	0	0	0
2.12062	0	0	0	0	0	0
2.12175	0	0	0	0	0	0
2.1229	0	0	0	0	0	0
2.12392	0	0	0	0	0	0
2.12494	0	0	0	0	0	0
2.12599	0	0	0	0	0	0
2.12722	0	0	0	0	0	0
2.12837	0	0	0	0	0	0
2.12943	0	0	0	0	0	0
2.13047	0	0	0	0	0	0
2.13148	0	0	0	0	0	0
2.1327	0	0	0	0	0	0
2.13366	0	0	0	0	0	0
2.13461	0	0	0	0	0	0
2.13575	0	0	0	0	0	0
2.13691	0	0	0	0	0	0
2.13802	0	0	0	0	0	0
2.13902	0	0	0	0	0	0
2.13994	0	0	0	0	0	0
2.141	0	0	0	0	0	0
2.14199	0	0	0	0	0	0
2.1429	0	0	0	0	0	0
2.14385	0	0	0	0	0	0
2.14499	0	0	0	0	0	0
2.14612	0	0	0	0	0	0
2.14745	0	0	0	0	0	0
2.14843	0	0	0	0	0	0
2.14944	0	0	0	0	0	0
2.15045	0	0	0	0	0	0
2.15146	0	0	0	0	0	0
2.1526	0	0	0	0	0	0
2.15381	0	0	0	0	0	0
2.15494	0	0	0	0	0	0
2.15605	0	0	0	0	0	0
2.15717	0	0	0	0	0	0
2.15828	0	0	0	0	0	0
2.15944	0	0	0	0	0	0
2.16062	0	0	0	0	0	0
2.16156	0	0	0	0	0	0
2.16254	0	0	0	0	0	0
2.1635	0	0	0	0	0	0
2.16453	0	0	0	0	0	0
2.1658	0	0	0	0	0	0
2.16688	0	0	0	0	0	0
2.1679	0	0	0	0	0	0
2.16891	0	0	0	0	0	0
2.17	0	0	0	0	0	0
2.17109	0	0	0	0	0	0
2.17227	0	0	0	0	0	0
2.17377	0	0	0	0	0	0
2.17492	0	0	0	0	0	0
2.17601	0	0	0	0	0	0
2.17707	0	0	0	0	0	0
2.17799	0	0	0	0	0	0
2.17888	0	0	0	0	0	0
2.1799	0	0	0	0	0	0
2.18083	0	0	0	0	0	0
2.1817	0	0	0	0	0	0
2.18265	0	0	0	0	0	0
2.18367	0	0	0	0	0	0
2.18477	0	0	0	0	0	0
2.18585	0	0	0	0	0	0
2.18693	0	0	0	0	0	0
2.18798	0	0	0	0	0	0
2.18903	0	0	0	0	0	0
2.1903	0	0	0	0	0	0
2.19133	0	0	0	0	0	0
2.19237	0	0	0	0	0	0
2.19343	0	0	0	0	0	0
2.19445	0	0	0	0	0	0
2.19544	0	0	0	0	0	0
2.19659	0	0	0	0	0	0
2.19763	0	0	0	0	0	0
2.19881	0	0	0	0	0	0
2.19982	0	0	0	0	0	0
2.20072	0	0	0	0	0	0
2.2017	0	0	0	0	0	0
2.20272	0	0	0	0	0	0
2.20376	0	0	0	0	0	0
2.20508	0	0	0	0	0	0
2.20624	0	0	0	0	0	0
2.20744	0	0	0	0	0	0
2.20846	0	0	0	0	0	0
2.20953	0	0	0	0	0	0
2.21065	0	0	0	0	0	0
2.21168	0	0	0	0	0	0
2.21272	0	0	0	0	0	0
2.21376	0	0	0	0	0	0
2.2148	0	0	0	0	0	0
2.21578	0	0	0	0	0	0
2.21692	0	0	0	0	0	0
2.21797	0	0	0	0	0	0
2.21917	0	0	0	0	0	0
2.22022	0	0	0	0	0	0
2.22136	0	0	0	0	0	0
2.22251	0	0	0	0	0	0
2.22351	0	0	0	0	0	0
2.22444	0	0	0	0	0	0
2.22549	0	0	0	0	0	0
2.22667	0	0	0	0	0	0
2.22776	0	0	0	0	0	0
2.22896	0	0	0	0	0	0
2.23012	0	0	0	0	0	0
2.23099	0	0	0	0	0	0
2.2321	0	0	0	0	0	0
2.23312	0	0	0	0	0	0
2.23406	0	0	0	0	0	0
2.23506	0	0	0	0	0	0
2.23609	0	0	0	0	0	0
2.23708	0	0	0	0	0	0
2.23802	0	0	0	0	0	0
2.23923	0	0	0	0	0	0
2.24049	0	0	0	0	0	0
2.24153	0	0	0	0	0	0
2.24268	0	0	0	0	0	0
2.24382	0	0	0	0	0	0
2.24479	0	0	0	0	0	0
2.24587	0	0	0	0	0	0
2.24692	0	0	0	0	0	0
2.24794	0	0	0	0	0	0
2.24897	0	0	0	0	0	0
2.25001	0	0	0	0	0	0
2.25092	0	0	0	0	0	0
2.25199	0	0	0	0	0	0
2.25307	0	0	0	0	0	0
2.25421	0	0	0	0	0	0
2.25521	0	0	0	0	0	0
2.2563	0	0	0	0	0	0
2.25742	0	0	0	0	0	0
2.25856	0	0	0	0	0	0
2.25979	0	0	0	0	0	0
2.26086	0	0	0	0	0	0
2.2618	0	0	0	0	0	0
2.26307	0	0	0	0	0	0
2.26421	0	0	0	0	0	0
2.26535	0	0	0	0	0	0
2.26631	0	0	0	0	0	0
2.26743	0	0	0	0	0	0
2.26846	0	0	0	0	0	0
2.2695	0	0	0	0	0	0
2.27059	0	0	0	0	0	0
2.27162	0	0	0	0	0	0
2.27269	0	0	0	0	0	0
2.27362	0	0	0	0	0	0
2.27457	0	0	0	0	0	0
2.27555	0	0	0	0	0	0
2.27673	0	0	0	0	0	0
2.27784	0	0	0	0	0	0
2.27875	0	0	0	0	0	0
2.27968	0	0	0	0	0	0
2.28072	0	0	0	0	0	0
2.2818	0	0	0	0	0	0
2.28283	0	0	0	0	0	0
2.2839	0	0	0	0	0	0
2.285	0	0	0	0	0	0
2.28612	0	0	0	0	0	0
2.28718	0	0	0	0	0	0
2.2882	0	0	0	0	0	0
2.2893	0	0	0	0	0	0
2.29035	0	0	0	0	0	0
2.29135	0	0	0	0	0	0
2.29257	0	0	0	0	0	0
2.29367	0	0	0	0	0	0
2.29463	0	0	0	0	0	0
2.29567	0	0	0	0	0	0
2.29677	0	0	0	0	0	0
2.29785	0	0	0	0	0	0
2.29893	0	0	0	0	0	0
2.29993	0	0	0	0	0	0
2.30093	0	0	0	0	0	0
2.302	0	0	0	0	0	0
2.30295	0	0	0	0	0	0
2.30395	0	0	0	0	0	0
2.30509	0	0	0	0	0	0
2.3064	0	0	0	0	0	0
2.30739	0	0	0	0	0	0
2.30831	0	0	0	0	0	0
2.30943	0	0	0	0	0	0
2.31045	0	0	0	0	0	0
2.31158	0	0	0	0	0	0
2.31266	0	0	0	0	0	0
2.31368	0	0	0	0	0	0
2.31476	0	0	0	0	0	0
2.31586	0	0	0	0	0	0
2.31684	0	0	0	0	0	0
2.31777	0	0	0	0	0	0
2.31878	0	0	0	0	0	0
2.31981	0	0	0	0	0	0
2.32092	0	0	0	0	0	0
2.32217	0	0	0	0	0	0
2.32335	0	0	0	0	0	0
2.32441	0	0	0	0	0	0
2.3255	0	0	0	0	0	0
2.32657	0	0	0	0	0	0
2.32766	0	0	0	0	0	0
2.32873	0	0	0	0	0	0
2.32979	0	0	0	0	0	0
2.33093	0	0	0	0	0	0
2.33191	0	0	0	0	0	0
2.33305	0	0	0	0	0	0
2.33435	0	0	0	0	0	0
2.33547	0	0	0	0	0	0
2.33659	0	0	0	0	0	0
2.33781	0	0	0	0	0	0
2.3389	0	0	0	0	0	0
2.33997	0	0	0	0	0	0
2.34114	0	0	0	0	0	0
2.34213	0	0	0	0	0	0
2.34304	0	0	0	0	0	0
2.34406	0	0	0	0	0	0
2.34542	0	0	0	0	0	0
2.34673	0	0	0	0	0	0
2.34774	0	0	0	0	0	0
2.3487	0	0	0	0	0	0
2.34981	0	0	0	0	0	0
2.35098	0	0	0	0	0	0
2.35214	0	0	0	0	0	0
2.35331	0	0	0	0	0	0
2.35422	0	0	0	0	0	0
2.35525	0	0	0	0	0	0
2.35627	0	0	0	0	0	0
2.35735	0	0	0	0	0	0
2.35847	0	0	0	0	0	0
2.35944	0	0	0	0	0	0
2.36045	0	0	0	0	0	0
2.36156	0	0	0	0	0	0
2.36267	0	0	0	0	0	0
2.36373	0	0	0	0	0	0
2.36474	0	0	0	0	0	0
2.36587	0	0	0	0	0	0
2.36711	0	0	0	0	0	0
2.36811	0	0	0	0	0	0
2.36906	0	0	0	0	0	0
2.37013	0	0	0	0	0	0
2.37113	0	0	0	0	0	0
2.37199	0	0	0	0	0	0
2.37298	0	0	0	0	0	0
2.37406	0	0	0	0	0	0
2.37512	0	0	0	0	0	0
2.37605	0	0	0	0	0	0
2.37704	0	0	0	0	0	0
2.37793	0	0	0	0	0	0
2.37908	0	0	0	0	0	0
2.38017	0	0	0	0	0	0
2.38151	0	0	0	0	0	0
2.38285	0	0	0	0	0	0
2.38397	0	0	0	0	0	0
2.38511	0	0	0	0	0	0
2.38625	0	0	0	0	0	0
2.38723	0	0	0	0	0	0
2.38819	0	0	0	0	0	0
2.38924	0	0	0	0	0	0
2.39036	0	0	0	0	0	0
2.39147	0	0	0	0	0	0
2.39243	0	0	0	0	0	0
2.39341	0	0	0	0	0	0
2.39454	0	0	0	0	0	0
2.39566	0	0	0	0	0	0
2.39688	0	0	0	0	0	0
2.39806	0	0	0	0	0	0
2.39927	0	0	0	0	0	0
2.40028	0	0	0	0	0	0
2.40115	0	0	0	0	0	0
2.40211	0	0	0	0	0	0
2.40315	0	0	0	0	0	0
2.40422	0	0	0	0	0	0
2.40536	0	0	0	0	0	0
2.40639	0	0	0	0	0	0
2.40748	0	0	0	0	0	0
2.40855	0	0	0	0	0	0
2.40959	0	0	0	0	0	0
2.4106	0	0	0	0	0	0
2.4116	0	0	0	0	0	0
2.41255	0	0	0	0	0	0
2.41361	0	0	0	0	0	0
2.4148	0	0	0	0	0	0
2.41587	0	0	0	0	0	0
2.41685	0	0	0	0	0	0
2.41793	0	0	0	0	0	0
2.41906	0	0	0	0	0	0
2.4202	0	0	0	0	0	0
2.42121	0	0	0	0	0	0
2.42217	0	0	0	0	0	0
2.4232	0	0	0	0	0	0
2.42415	0	0	0	0	0	0
2.42517	0	0	0	0	0	0
2.42636	0	0	0	0	0	0
2.42732	0	0	0	0	0	0
2.42835	0	0	0	0	0	0
2.42945	0	0	0	0	0	0
2.4306	0	0	0	0	0	0
2.43172	0	0	0	0	0	0
2.43259	0	0	0	0	0	0
2.43392	0	0	0	0	0	0
2.43473	0	0	0	0	0	0
2.43545	0	0	0	0	0	0
2.4361	0	0	0	0	0	0
2.43683	0	0	0	0	0	0
2.43745	0	0	0	0	0	0
2.43824	0	0	0	0	0	0
2.43906	0	0	0	0	0	0
