0.043729	16	0
0.043979	16	0
0.044168	16	0
0.044368	16	0
0.045151	16	0
0.045218	16	0
0.045408	16	0
0.045601	16	0
0.045782	16	0
0.045971	16	0
0.04659	16	0
0.046778	16	0
0.047008	16	0
0.047534	-5	0
0.04782	-5	0
0.048029	-5	0
0.048745	-5	0
0.049059	-5	0
0.049386	-5	0
0.049704	-5	0
0.050024	-5	0
0.050454	-5	0
0.051076	-5	0
0.051529	-5	0
0.051862	-5	0
0.051927	-5	0
0.052337	-5	0
0.052609	-5	0
0.052673	-5	0
0.053396	-5	0
0.053681	-5	0
0.053963	-5	0
0.054244	-5	0
0.054547	-5	0
0.054823	-5	0
0.055689	-5	0
0.056	-5	0
0.056314	-5	0
0.05663	-5	0
0.056849	-5	0
0.057081	-5	0
0.057383	-5	0
0.057894	-5	0
0.058502	-5	0
0.058802	-5	0
0.059138	-5	0
0.05942	-5	0
0.059708	-5	0
0.059994	-5	0
0.06025	-5	0
0.061017	-5	0
0.061315	-5	0
0.06161	-5	0
0.061861	-5	0
0.06212	-5	0
0.062202	-5	0
0.062448	-5	0
0.062662	-5	0
0.063589	-5	0
0.063861	-5	0
0.064141	-5	0
0.064402	-5	0
0.06466	-5	0
0.06494	-5	0
0.065202	-5	0
0.066198	-5	0
0.066454	-5	0
0.066737	-5	0
0.066982	-5	0
0.067265	-5	0
0.06755	-5	0
0.067834	-5	0
0.068532	-5	0
0.069041	-5	0
0.069273	-5	0
0.069567	-5	0
0.069856	-5	0
0.070123	-5	0
0.070395	-5	0
0.070652	-5	0
0.071452	-5	0
0.071763	-5	0
0.072082	-5	0
0.072361	-5	0
0.072606	-5	0
0.072843	-5	0
0.073153	-5	0
0.073465	-5	0
0.074425	-5	0
0.07474	-5	0
0.075014	-5	0
0.075329	-5	0
0.075642	-5	0
0.075966	-5	0
0.076256	-5	0
0.07715	-5	0
0.077502	-5	0
0.077767	-5	0
0.078019	-5	0
0.078316	-5	0
0.078564	-5	0
0.078812	-5	0
0.079506	-5	0
0.079947	-5	0
0.080215	-5	0
0.080548	-5	0
0.080845	-5	0
0.081109	-5	0
0.081372	-5	0
0.08164	-5	0
0.082488	-5	0
0.082814	-5	0
0.083136	-5	0
0.083414	-5	0
0.0836	-5	0
0.083857	-5	0
0.083986	-5	0
0.08424	-5	0
0.085179	-5	0
0.085423	-5	0
0.085718	-5	0
0.085992	-5	0
0.086265	-5	0
0.086689	-5	0
0.087001	-5	0
0.087995	-5	0
0.088299	-5	0
0.088608	-5	0
0.08892	-5	0
0.089233	-5	0
0.089561	-5	0
0.089879	-5	0
0.090586	-5	0
0.091076	-5	0
0.09139	-5	0
0.091686	-5	0
0.091988	-5	0
0.092256	-5	0
0.092566	-5	0
0.092879	-5	0
0.09371	-5	0
0.094036	-5	0
0.094221	-5	0
0.09448	-5	0
0.094717	-5	0
0.095013	-5	0
0.095315	-5	0
0.095587	-5	0
0.096363	-5	0
0.096665	-5	0
0.09697	-5	0
0.097233	-5	0
0.097498	-5	0
0.097678	-5	0
0.09787	-5	0
0.098072	-5	0
0.098943	-5	0
0.099239	-5	0
0.099539	-5	0
0.099827	-5	0
0.100157	-5	0
0.100418	-5	0
0.100738	-5	0
0.101063	-5	0
0.101971	-5	0
0.102293	-5	0
0.102471	-5	0
0.10274	-5	0
0.103051	-5	0
0.10337	-5	0
0.103627	-5	0
0.104458	-5	0
0.104956	-5	0
0.105225	-5	0
0.105495	-5	0
0.105762	-5	0
0.105946	-5	0
0.1062	-5	0
0.106353	-5	0
0.107182	-5	0
0.107572	-5	0
0.107763	-5	0
0.108037	-5	0
0.10833	-5	0
0.108627	-5	0
0.108921	-5	0
0.109428	-5	0
0.110067	-5	0
0.110379	-5	0
0.11069	-5	0
0.111004	-5	0
0.111299	-5	0
0.1116	-5	0
0.111897	-5	0
0.112669	-5	0
0.112985	-5	0
0.113297	-5	0
0.113565	-5	0
0.113879	-5	0
0.114177	-5	0
0.114438	-5	0
0.115388	-5	0
0.115768	-5	0
0.116026	-5	0
0.116334	-5	0
0.116642	-5	0
0.116963	-5	0
0.117241	-5	0
0.117523	-5	0
0.118106	-5	0
0.118553	-5	0
0.118785	-5	0
0.119083	-5	0
0.119391	-5	0
0.119657	-5	0
0.119929	-5	0
0.120201	-5	0
0.120969	-5	0
0.121247	-5	0
0.121515	-5	0
0.12168	-5	0
0.121892	-5	0
0.122085	-5	0
0.12238	-5	0
0.122666	-5	0
0.123671	-5	0
0.123928	-5	0
0.124203	-5	0
0.124466	-5	0
0.12478	-5	0
0.125045	-5	0
0.125313	-5	0
0.12619	-5	0
0.126563	-5	0
0.126865	-5	0
0.127137	-5	0
0.127464	-5	0
0.127746	-5	0
0.128031	-5	0
0.128205	-5	0
0.129227	-5	0
0.12951	-5	0
0.129807	-5	0
0.130059	-5	0
0.130312	-5	0
0.130585	-5	0
0.130864	-5	0
0.131839	-5	0
0.132383	-5	0
0.132757	-5	0
0.133116	-5	0
0.13353	-5	0
0.133948	-5	0
0.134291	-5	0
0.134676	-5	0
0.135652	-5	0
0.136167	-5	0
0.13648	-5	0
0.136816	-5	0
0.137203	-5	0
0.137619	-5	0
0.137958	-5	0
0.138313	-5	0
0.139066	-5	0
0.139645	-5	0
0.139987	-5	0
0.140392	-5	0
0.140794	-5	0
0.141114	-5	0
0.141355	-5	0
0.14176	-5	0
0.142507	-5	0
0.143455	-5	0
0.143708	-5	0
0.143966	-5	0
0.144374	-5	0
0.144833	-5	0
0.14517	-5	0
0.145643	-5	0
0.146425	-5	0
0.147206	-5	0
0.147529	-5	0
0.147863	-5	0
0.148088	-5	0
0.148522	-5	0
0.148869	-5	0
0.149113	-5	0
0.149993	-5	0
0.150373	-5	0
0.150708	-5	0
0.15105	-5	0
0.151405	-5	0
0.151782	-5	0
0.152195	-5	0
0.152424	-5	0
0.15343	-5	0
0.153972	-5	0
0.154288	-5	0
0.15457	-5	0
0.154938	-5	0
0.155295	-5	0
0.155656	-5	0
0.15606	-5	0
0.156533	-5	0
0.15741	-5	0
0.157763	-5	0
0.158102	-5	0
0.158517	-5	0
0.158803	-5	0
0.15913	-5	0
0.159271	-5	0
0.159926	-5	0
0.160864	-5	0
0.16121	-5	0
0.161551	-5	0
0.161936	-5	0
0.162296	-5	0
0.162533	-5	0
0.162873	-5	0
0.163345	-5	0
0.164482	-5	0
0.164807	-5	0
0.165141	-5	0
0.165485	-5	0
0.165697	-5	0
0.166139	-5	0
0.166603	-5	0
0.167005	-5	0
0.16806	-5	0
0.16829	-5	0
0.168664	-5	0
0.169064	-5	0
0.169398	-5	0
0.169675	-5	0
0.170089	-5	0
0.170369	-5	0
0.171566	-5	0
0.171897	-5	0
0.172212	-5	0
0.172656	-5	0
0.173054	-5	0
0.173396	-5	0
0.17382	-5	0
0.174455	-5	0
0.17525	-5	0
0.175591	-5	0
0.175911	-5	0
0.176276	-5	0
0.176601	-5	0
0.176839	-5	0
0.177176	-5	0
0.177704	-5	0
0.178894	-5	0
0.179213	-5	0
0.179511	-5	0
0.179756	-5	0
0.180128	-5	0
0.180578	-5	0
0.18089	-5	0
0.181303	-5	0
0.182334	-5	0
0.182646	-5	0
0.183007	-5	0
0.183396	-5	0
0.183711	-5	0
0.184022	-5	0
0.184174	-5	0
0.184685	-5	0
0.185354	-5	0
0.185574	-5	0
0.185886	-5	0
0.186205	-5	0
0.186466	-5	0
0.186726	-5	0
0.187009	-5	0
0.187361	-5	0
0.188055	-5	0
0.188267	-5	0
0.188513	-5	0
0.188782	-5	0
0.189046	-5	0
0.189286	-5	0
0.189557	-5	0
0.190549	-5	0
0.190965	-5	0
0.191275	-5	0
0.191583	-5	0
0.191891	-5	0
0.192195	-5	0
0.192498	-5	0
0.193302	-5	0
0.193767	-5	0
0.194091	-5	0
0.194354	-5	0
0.194631	-5	0
0.194952	-5	0
0.1953	-5	0
0.195722	-5	0
0.196673	-5	0
0.19699	-5	0
0.197305	-5	0
0.197605	-5	0
0.197945	-5	0
0.19833	-5	0
0.198691	-5	0
0.198976	-5	0
0.199859	-5	0
0.20016	-5	0
0.200446	-5	0
0.200726	-5	0
0.200881	-5	0
0.201118	-5	0
0.201389	-5	0
0.201785	-5	0
0.202689	-5	0
0.202906	-5	0
0.203216	-5	0
0.203576	-5	0
0.203993	-5	0
0.204407	-5	0
0.20472	-5	0
0.205931	-5	0
0.206449	-5	0
0.206765	-5	0
0.207083	-5	0
0.207398	-5	0
0.207741	-5	0
0.208055	-5	0
0.208414	-5	0
0.209427	-5	0
0.209793	-5	0
0.210073	-5	0
0.210419	-5	0
0.210723	-5	0
0.211044	-5	0
0.211409	-5	0
0.211782	-5	0
0.212858	-5	0
0.213153	-5	0
0.213482	-5	0
0.213824	-5	0
0.214167	-5	0
0.214524	-5	0
0.214952	-5	0
0.215405	-5	0
0.216179	-5	0
0.216507	-5	0
0.216819	-5	0
0.217242	-5	0
0.217627	-5	0
0.217988	-5	0
0.218351	-5	0
0.218721	-5	0
0.219453	-5	0
0.219801	-5	0
0.220139	-5	0
0.220448	-5	0
0.220753	-5	0
0.221086	-5	0
0.221385	-5	0
0.221777	-5	0
0.222908	-5	0
0.223323	-5	0
0.22364	-5	0
0.223922	-5	0
0.224268	-5	0
0.224623	-5	0
0.224976	-5	0
0.22531	-5	0
0.226232	-5	0
0.226453	-5	0
0.226761	-5	0
0.227064	-5	0
0.227417	-5	0
0.227519	-5	0
0.227841	-5	0
0.228124	-5	0
0.229078	-5	0
0.229365	-5	0
0.229722	-5	0
0.23005	-5	0
0.230414	-5	0
0.230738	-5	0
0.231135	-5	0
0.231766	-5	0
0.232527	-5	0
0.232846	-5	0
0.233088	-5	0
0.233408	-5	0
0.233822	-5	0
0.234168	-5	0
0.234491	-5	0
0.234864	-5	0
0.235802	-5	0
0.236194	-5	0
0.236516	-5	0
0.23686	-5	0
0.237248	-5	0
0.237645	-5	0
0.238041	-5	0
0.238412	-5	0
0.239144	-5	0
0.239432	-5	0
0.239751	-5	0
0.240073	-5	0
0.240425	-5	0
0.24081	-5	0
0.241176	-5	0
0.241571	-5	0
0.242375	-5	0
0.242707	-5	0
0.242994	-5	0
0.243304	-5	0
0.243714	-5	0
0.243973	-5	0
0.244398	-5	0
0.245017	-5	0
0.245689	-5	0
0.246027	-5	0
0.246434	-5	0
0.24684	-5	0
0.247195	-5	0
0.247543	-5	0
0.24791	-5	0
0.248402	-5	0
0.249076	-5	0
0.249308	-5	0
0.249575	-5	0
0.249918	-5	0
0.250286	-5	0
0.250663	-5	0
0.250979	-5	0
0.251809	-5	0
0.252051	-5	0
0.252353	-5	0
0.252709	-5	0
0.253124	-5	0
0.25351	-5	0
0.253848	-5	0
0.254323	-5	0
0.25499	-5	0
0.255614	-5	0
0.25594	-5	0
0.25627	-5	0
0.256592	-5	0
0.25694	-5	0
0.257339	-5	0
0.257708	-5	0
0.258525	-5	0
0.258836	-5	0
0.259159	-5	0
0.259531	-5	0
0.25987	-5	0
0.260155	-5	0
0.260535	-5	0
0.26088	-5	0
0.261742	-5	0
0.262054	-5	0
0.262412	-5	0
0.26281	-5	0
0.263063	-5	0
0.263379	-5	0
0.263684	-5	0
0.264087	-5	0
0.265063	-5	0
0.265371	-5	0
0.265718	-5	0
0.265902	-5	0
0.266216	-5	0
0.266561	-5	0
0.266888	-5	0
0.267275	-5	0
0.268384	-5	0
0.268618	-5	0
0.268936	-5	0
0.269264	-5	0
0.269624	-5	0
0.270039	-5	0
0.270264	-5	0
0.27056	-5	0
0.27163	-5	0
0.271943	-5	0
0.272267	-5	0
0.272589	-5	0
0.272898	-5	0
0.273092	-5	0
0.273522	-5	0
0.273914	-5	0
0.274888	-5	0
0.275217	-5	0
0.275531	-5	0
0.275895	-5	0
0.276287	-5	0
0.276676	-5	0
0.277001	-5	0
0.277282	-5	0
0.27845	-5	0
0.278904	-5	0
0.279278	-5	0
0.279613	-5	0
0.279998	-5	0
0.280383	-5	0
0.28067	-5	0
0.280919	-5	0
0.281927	-5	0
0.282247	-5	0
0.282561	-5	0
0.282852	-5	0
0.283209	-5	0
0.283558	-5	0
0.283893	-5	0
0.284246	-5	0
0.285275	-5	0
0.285621	-5	0
0.285961	-5	0
0.286308	-5	0
0.286677	-5	0
0.287025	-5	0
0.287369	-5	0
0.287725	-5	0
0.28871	-5	0
0.289021	-5	0
0.28937	-5	0
0.289705	-5	0
0.29014	-5	0
0.290489	-5	0
0.290671	-5	0
0.291061	-5	0
0.292015	-5	0
0.292378	-5	0
0.29267	-5	0
0.29295	-5	0
0.293307	-5	0
0.293639	-5	0
0.293953	-5	0
0.294269	-5	0
0.295143	-5	0
0.295476	-5	0
0.295784	-5	0
0.296077	-5	0
0.296478	-5	0
0.296876	-5	0
0.29719	-5	0
0.297532	-5	0
0.298397	-5	0
0.298716	-5	0
0.299038	-5	0
0.299375	-5	0
0.299791	-5	0
0.300214	-5	0
0.300555	-5	0
0.300939	-5	0
0.301708	-5	0
0.302146	-5	0
0.30254	-5	0
0.302887	-5	0
0.303248	-5	0
0.303657	-5	0
0.30405	-5	0
0.304432	-5	0
0.305227	-5	0
0.305409	-5	0
0.305736	-5	0
0.305956	-5	0
0.306273	-5	0
0.306576	-5	0
0.306941	-5	0
0.307298	-5	0
0.308359	-5	0
0.308693	-5	0
0.308997	-5	0
0.309272	-5	0
0.309645	-5	0
0.310005	-5	0
0.31032	-5	0
0.310709	-5	0
0.311672	-5	0
0.311996	-5	0
0.312346	-5	0
0.312675	-5	0
0.313064	-5	0
0.313467	-5	0
0.313765	-5	0
0.314176	-5	0
0.315104	-5	0
0.315486	-5	0
0.31581	-5	0
0.316153	-5	0
0.316543	-5	0
0.31698	-5	0
0.317318	-5	0
0.317544	-5	0
0.31859	-5	0
0.319061	-5	0
0.319296	-5	0
0.319578	-5	0
0.319879	-5	0
0.320252	-5	0
0.320456	-5	0
0.320653	-5	0
0.321692	-5	0
0.321983	-5	0
0.322268	-5	0
0.322578	-5	0
0.322916	-5	0
0.323226	-5	0
0.323538	-5	0
0.323851	-5	0
0.324599	-5	0
0.325048	-5	0
0.325324	-5	0
0.325588	-5	0
0.325864	-5	0
0.326177	-5	0
0.326469	-5	0
0.326616	-5	0
0.327159	-5	0
0.328454	-5	0
0.328684	-5	0
0.328986	-5	0
0.329261	-5	0
0.329541	-5	0
0.329794	-5	0
0.330088	-5	0
0.330856	-5	0
0.331137	-5	0
0.331407	-5	0
0.331628	-5	0
0.33185	-5	0
0.332017	-5	0
0.332401	-5	0
0.332873	-5	0
0.33384	-5	0
0.334055	-5	0
0.334329	-5	0
0.334654	-5	0
0.334939	-5	0
0.33522	-5	0
0.335508	-5	0
0.336466	-5	0
0.336997	-5	0
0.337173	-5	0
0.337382	-5	0
0.33761	-5	0
0.337894	-5	0
0.338213	-5	0
0.338638	-5	0
0.339593	-5	0
0.339852	-5	0
0.340109	-5	0
0.340374	-5	0
0.340659	-5	0
0.340968	-5	0
0.341267	-5	0
0.341567	-5	0
0.342546	-5	0
0.342773	-5	0
0.343066	-5	0
0.343369	-5	0
0.343662	-5	0
0.343975	-5	0
0.344277	-5	0
0.345033	-5	0
0.345741	-5	0
0.346008	-5	0
0.346285	-5	0
0.346597	-5	0
0.346854	-5	0
0.347167	-5	0
0.347391	-5	0
0.347741	-5	0
0.348619	-5	0
0.34887	-5	0
0.349136	-5	0
0.349394	-5	0
0.349711	-5	0
0.35001	-5	0
0.350307	-5	0
0.351269	-5	0
0.35159	-5	0
0.351899	-5	0
0.352152	-5	0
0.352397	-5	0
0.352592	-5	0
0.352867	-5	0
0.353143	-5	0
0.354194	-5	0
0.35451	-5	0
0.354764	-5	0
0.355056	-5	0
0.355326	-5	0
0.355603	-5	0
0.355914	-5	0
0.35629	-5	0
0.357436	-5	0
0.357703	-5	0
0.358005	-5	0
0.358187	-5	0
0.358407	-5	0
0.358604	-5	0
0.358948	-5	0
0.359449	-5	0
0.360214	-5	0
0.360526	-5	0
0.36079	-5	0
0.361086	-5	0
0.361361	-5	0
0.361758	-5	0
0.362161	-5	0
0.36244	-5	0
0.36315	-5	0
0.363378	-5	0
0.363701	-5	0
0.364052	-5	0
0.36438	-5	0
0.364663	-5	0
0.364974	-5	0
0.365933	-5	0
0.36625	-5	0
0.366543	-5	0
0.366857	-5	0
0.367144	-5	0
0.367476	-5	0
0.367797	-5	0
0.368417	-5	0
0.368999	-5	0
0.369288	-5	0
0.369543	-5	0
0.369826	-5	0
0.370074	-5	0
0.37047	-5	0
0.370875	-5	0
0.371413	-5	0
0.371953	-5	0
0.372207	-5	0
0.372465	-5	0
0.372745	-5	0
0.37307	-5	0
0.373352	-5	0
0.373623	-5	0
0.374562	-5	0
0.374874	-5	0
0.375136	-5	0
0.375441	-5	0
0.375775	-5	0
0.376064	-5	0
0.376337	-5	0
0.37668	-5	0
0.37761	-5	0
0.377924	-5	0
0.378196	-5	0
0.37841	-5	0
0.378583	-5	0
0.37879	-5	0
0.379068	-5	0
0.379484	-5	0
0.380354	-5	0
0.380654	-5	0
0.380921	-5	0
0.381189	-5	0
0.38146	-5	0
0.381771	-5	0
0.382097	-5	0
0.382745	-5	0
0.383299	-5	0
0.383568	-5	0
0.383819	-5	0
0.383991	-5	0
0.384204	-5	0
0.384419	-5	0
0.384701	-5	0
0.385807	-5	0
0.386022	-5	0
0.386314	-5	0
0.386599	-5	0
0.386871	-5	0
0.387165	-5	0
0.387442	-5	0
0.387763	-5	0
0.388818	-5	0
0.38914	-5	0
0.389404	-5	0
0.38957	-5	0
0.389784	-5	0
0.389977	-5	0
0.390306	-5	0
0.390798	-5	0
0.391462	-5	0
0.391773	-5	0
0.392029	-5	0
0.392342	-5	0
0.392604	-5	0
0.392948	-5	0
0.393239	-5	0
0.393818	-5	0
0.394468	-5	0
0.394605	-5	0
0.39483	-5	0
0.395036	-5	0
0.395316	-5	0
0.395629	-5	0
0.395926	-5	0
0.396935	-5	0
0.397196	-5	0
0.397466	-5	0
0.397771	-5	0
0.398066	-5	0
0.398395	-5	0
0.398678	-5	0
0.398959	-5	0
0.399874	-5	0
0.400086	-5	0
0.400313	-5	0
0.40059	-5	0
0.400927	-5	0
0.401225	-5	0
0.401497	-5	0
0.401784	-5	0
0.40262	-5	0
0.402891	-5	0
0.403156	-5	0
0.403402	-5	0
0.403549	-5	0
0.403782	-5	0
0.404068	-5	0
0.404457	-5	0
0.405446	-5	0
0.405738	-5	0
0.405994	-5	0
0.406227	-5	0
0.406546	-5	0
0.406896	-5	0
0.407184	-5	0
0.407578	-5	0
0.408508	-5	0
0.408752	-5	0
0.408991	-5	0
0.409299	-5	0
0.409579	-5	0
0.409879	-5	0
0.410138	-5	0
0.410536	-5	0
0.411672	-5	0
0.411941	-5	0
0.412213	-5	0
0.412379	-5	0
0.412593	-5	0
0.412787	-5	0
0.413109	-5	0
0.413714	-5	0
0.41425	-5	0
0.414538	-5	0
0.414818	-5	0
0.415082	-5	0
0.415356	-5	0
0.415654	-5	0
0.415952	-5	0
0.416395	-5	0
0.417194	-5	0
0.417501	-5	0
0.417668	-5	0
0.417845	-5	0
0.418031	-5	0
0.418312	-5	0
0.418553	-5	0
0.419643	-5	0
0.419919	-5	0
0.420126	-5	0
0.420405	-5	0
0.420671	-5	0
0.420938	-5	0
0.421244	-5	0
0.421816	-5	0
0.422632	-5	0
0.422942	-5	0
0.42326	-5	0
0.423537	-5	0
0.423828	-5	0
0.424086	-5	0
0.424318	-5	0
0.424745	-5	0
0.42552	-5	0
0.430562	-5	0
0.430629	-5	0
0.430977	-5	0
0.431213	-5	0
0.431472	-5	0
0.432136	-5	0
0.432697	-5	0
0.43294	-5	0
0.433235	-5	0
0.433532	-5	0
0.433768	-5	0
0.434125	-5	0
0.434409	-5	0
0.435228	-5	0
0.435489	-5	0
0.435817	-5	0
0.436111	-5	0
0.436396	-5	0
0.436661	-5	0
0.436926	-5	0
0.437146	-5	0
0.438101	-5	0
0.438388	-5	0
0.43867	-5	0
0.438955	-5	0
0.439184	-5	0
0.439457	-5	0
0.439772	-5	0
0.440486	-5	0
0.441063	-5	0
0.441353	-5	0
0.441638	-5	0
0.441919	-5	0
0.442111	-5	0
0.442352	-5	0
0.442662	-5	0
0.443505	-5	0
0.444054	-5	0
0.444323	-5	0
0.444554	-5	0
0.444865	-5	0
0.445096	-5	0
0.445364	-5	0
0.445709	-5	0
0.446643	-5	0
0.446932	-5	0
0.447174	-5	0
0.447457	-5	0
0.447711	-5	0
0.447858	-5	0
0.448225	-5	0
0.448444	-5	0
0.449398	-5	0
0.449724	-5	0
0.45	-5	0
0.450241	-5	0
0.450564	-5	0
0.450869	-5	0
0.451103	-5	0
0.451635	-5	0
0.452248	-5	0
0.452513	-5	0
0.452762	-5	0
0.453015	-5	0
0.453263	-5	0
0.453444	-5	0
0.453649	-5	0
0.454256	-5	0
0.454994	-5	0
0.455186	-5	0
0.455396	-5	0
0.455636	-5	0
0.455925	-5	0
0.456281	-5	0
0.456792	-5	0
0.457513	-5	0
0.457823	-5	0
0.458144	-5	0
0.458373	-5	0
0.458592	-5	0
0.458948	-5	0
0.459227	-5	0
0.459626	-5	0
0.460523	-5	0
0.460788	-5	0
0.460958	-5	0
0.461268	-5	0
0.461534	-5	0
0.461811	-5	0
0.462083	-5	0
0.462413	-5	0
0.463388	-5	0
0.463632	-5	0
0.463879	-5	0
0.464053	-5	0
0.46423	-5	0
0.464462	-5	0
0.464789	-5	0
0.465475	-5	0
0.466064	-5	0
0.466282	-5	0
0.466523	-5	0
0.466822	-5	0
0.467116	-5	0
0.467441	-5	0
0.467792	-5	0
0.468566	-5	0
0.468877	-5	0
0.469144	-5	0
0.469413	-5	0
0.469704	-5	0
0.469891	-5	0
0.470209	-5	0
0.470522	-5	0
0.471411	-5	0
0.471688	-5	0
0.471963	-5	0
0.472194	-5	0
0.472488	-5	0
0.472812	-5	0
0.473113	-5	0
0.474125	-5	0
0.474718	-5	0
0.474944	-5	0
0.475139	-5	0
0.475366	-5	0
0.475636	-5	0
0.475952	-5	0
0.476292	-5	0
0.477194	-5	0
0.477479	-5	0
0.477759	-5	0
0.478032	-5	0
0.478261	-5	0
0.478578	-5	0
0.478904	-5	0
0.479439	-5	0
0.480125	-5	0
0.480318	-5	0
0.480556	-5	0
0.480679	-5	0
0.480969	-5	0
0.481289	-5	0
0.481581	-5	0
0.482503	-5	0
0.48279	-5	0
0.48308	-5	0
0.483328	-5	0
0.483618	-5	0
0.483764	-5	0
0.483994	-5	0
0.484242	-5	0
0.485343	-5	0
0.485651	-5	0
0.485934	-5	0
0.486236	-5	0
0.486559	-5	0
0.486801	-5	0
0.487132	-5	0
0.487806	-5	0
0.488477	-5	0
0.488707	-5	0
0.488897	-5	0
0.489155	-5	0
0.489456	-5	0
0.48973	-5	0
0.49007	-5	0
0.490888	-5	0
0.491173	-5	0
0.491431	-5	0
0.491686	-5	0
0.491975	-5	0
0.492122	-5	0
0.492376	-5	0
0.492634	-5	0
0.493636	-5	0
0.493878	-5	0
0.494158	-5	0
0.494414	-5	0
0.494704	-5	0
0.494998	-5	0
0.49526	-5	0
0.495409	-5	0
0.496267	-5	0
0.496559	-5	0
0.496818	-5	0
0.497118	-5	0
0.49738	-5	0
0.497659	-5	0
0.497962	-5	0
0.498525	-5	0
0.499168	-5	0
0.499406	-5	0
0.499641	-5	0
0.499923	-5	0
0.500184	-5	0
0.500453	-5	0
0.50077	-5	0
0.50161	-5	0
0.501844	-5	0
0.502121	-5	0
0.502396	-5	0
0.502723	-5	0
0.502986	-5	0
0.503271	-5	0
0.504301	-5	0
0.504589	-5	0
0.504848	-5	0
0.505112	-5	0
0.505415	-5	0
0.505653	-5	0
0.506008	-5	0
0.506334	-5	0
0.507278	-5	0
0.507664	-5	0
0.507874	-5	0
0.508115	-5	0
0.508247	-5	0
0.50854	-5	0
0.508823	-5	0
0.50973	-5	0
0.510194	-5	0
0.510489	-5	0
0.51077	-5	0
0.511032	-5	0
0.511304	-5	0
0.511616	-5	0
0.51192	-5	0
0.512283	-5	0
0.512936	-5	0
0.513114	-5	0
0.513325	-5	0
0.513533	-5	0
0.513814	-5	0
0.514101	-5	0
0.514417	-5	0
0.515235	-5	0
0.51547	-5	0
0.515762	-5	0
0.516037	-5	0
0.516321	-5	0
0.516652	-5	0
0.516929	-5	0
0.518134	-5	0
0.518254	-5	0
0.518534	-5	0
0.518863	-5	0
0.519092	-5	0
0.519375	-5	0
0.519658	-5	0
0.520697	-5	0
0.520947	-5	0
0.521225	-5	0
0.521614	-5	0
0.521808	-5	0
0.52209	-5	0
0.522372	-5	0
0.522773	-5	0
0.523492	-5	0
0.523799	-5	0
0.524034	-5	0
0.524301	-5	0
0.524595	-5	0
0.524904	-5	0
0.525251	-5	0
0.526002	-5	0
0.526309	-5	0
0.526617	-5	0
0.526869	-5	0
0.527013	-5	0
0.527247	-5	0
0.527516	-5	0
0.527777	-5	0
0.528633	-5	0
0.528877	-5	0
0.529165	-5	0
0.529459	-5	0
0.529757	-5	0
0.530008	-5	0
0.530306	-5	0
0.530694	-5	0
0.53182	-5	0
0.532053	-5	0
0.532206	-5	0
0.532434	-5	0
0.532715	-5	0
0.533001	-5	0
0.533311	-5	0
0.534021	-5	0
0.534612	-5	0
0.534834	-5	0
0.535071	-5	0
0.53535	-5	0
0.535638	-5	0
0.53598	-5	0
0.536303	-5	0
0.537068	-5	0
0.537334	-5	0
0.5377	-5	0
0.538006	-5	0
0.53828	-5	0
0.53846	-5	0
0.538737	-5	0
0.53903	-5	0
0.539846	-5	0
0.540144	-5	0
0.540411	-5	0
0.540719	-5	0
0.540986	-5	0
0.541292	-5	0
0.541599	-5	0
0.541892	-5	0
0.542719	-5	0
0.54294	-5	0
0.543306	-5	0
0.543607	-5	0
0.543905	-5	0
0.544212	-5	0
0.544526	-5	0
0.5453	-5	0
0.545786	-5	0
0.546089	-5	0
0.546366	-5	0
0.546675	-5	0
0.546924	-5	0
0.547145	-5	0
0.547302	-5	0
0.547979	-5	0
0.548499	-5	0
0.548681	-5	0
0.548969	-5	0
0.549266	-5	0
0.549537	-5	0
0.549806	-5	0
0.550081	-5	0
0.550892	-5	0
0.551232	-5	0
0.551504	-5	0
0.551772	-5	0
0.552033	-5	0
0.55222	-5	0
0.552458	-5	0
0.552702	-5	0
0.553557	-5	0
0.553834	-5	0
0.554094	-5	0
0.554368	-5	0
0.554644	-5	0
0.554947	-5	0
0.555229	-5	0
0.556337	-5	0
0.556499	-5	0
0.556776	-5	0
0.557062	-5	0
0.557326	-5	0
0.557638	-5	0
0.557956	-5	0
0.558289	-5	0
0.559264	-5	0
0.559531	-5	0
0.559702	-5	0
0.559953	-5	0
0.560104	-5	0
0.560362	-5	0
0.560653	-5	0
0.561319	-5	0
0.561863	-5	0
0.562195	-5	0
0.562461	-5	0
0.562704	-5	0
0.56299	-5	0
0.563216	-5	0
0.563445	-5	0
0.564011	-5	0
0.564878	-5	0
0.565146	-5	0
0.565392	-5	0
0.565558	-5	0
0.565776	-5	0
0.565982	-5	0
0.566265	-5	0
0.567283	-5	0
0.567693	-5	0
0.567851	-5	0
0.568087	-5	0
0.568369	-5	0
0.568656	-5	0
0.568973	-5	0
0.569689	-5	0
0.570479	-5	0
0.570656	-5	0
0.570924	-5	0
0.571188	-5	0
0.571465	-5	0
0.571779	-5	0
0.572044	-5	0
0.572491	-5	0
0.573177	-5	0
0.57332	-5	0
0.573575	-5	0
0.573834	-5	0
0.574336	-5	0
0.574512	-5	0
0.574817	-5	0
0.575873	-5	0
0.576146	-5	0
0.576441	-5	0
0.576746	-5	0
0.577013	-5	0
0.577353	-5	0
0.577682	-5	0
0.578012	-5	0
0.578985	-5	0
0.579275	-5	0
0.579446	-5	0
0.579627	-5	0
0.579852	-5	0
0.580091	-5	0
0.580387	-5	0
0.581196	-5	0
0.58191	-5	0
0.582208	-5	0
0.582477	-5	0
0.58265	-5	0
0.582964	-5	0
0.583247	-5	0
0.583561	-5	0
0.584544	-5	0
0.584791	-5	0
0.58505	-5	0
0.585344	-5	0
0.585611	-5	0
0.585937	-5	0
0.586201	-5	0
0.586498	-5	0
0.58742	-5	0
0.587712	-5	0
0.58788	-5	0
0.588089	-5	0
0.588292	-5	0
0.588575	-5	0
0.58894	-5	0
0.589456	-5	0
0.590206	-5	0
0.590433	-5	0
0.590731	-5	0
0.59103	-5	0
0.591331	-5	0
0.59165	-5	0
0.591949	-5	0
0.592776	-5	0
0.593089	-5	0
0.593368	-5	0
0.593637	-5	0
0.593876	-5	0
0.594058	-5	0
0.594297	-5	0
0.594583	-5	0
0.595424	-5	0
0.595699	-5	0
0.59598	-5	0
0.596259	-5	0
0.596545	-5	0
0.596818	-5	0
0.597092	-5	0
0.597733	-5	0
0.598314	-5	0
0.598567	-5	0
0.598808	-5	0
0.598982	-5	0
0.599204	-5	0
0.599493	-5	0
0.599751	-5	0
0.600569	-5	0
0.600992	-5	0
0.601272	-5	0
0.601549	-5	0
0.601828	-5	0
0.602114	-5	0
0.602405	-5	0
0.603082	-5	0
0.6037	-5	0
0.603929	-5	0
0.604223	-5	0
0.604498	-5	0
0.604782	-5	0
0.605102	-5	0
0.605395	-5	0
0.606162	-5	0
0.606413	-5	0
0.606669	-5	0
0.606957	-5	0
0.607242	-5	0
0.607424	-5	0
0.607671	-5	0
0.607919	-5	0
0.608915	-5	0
0.609197	-5	0
0.609432	-5	0
0.609668	-5	0
0.609947	-5	0
0.610215	-5	0
0.610481	-5	0
0.611328	-5	0
0.611814	-5	0
0.612003	-5	0
0.612227	-5	0
0.612486	-5	0
0.612807	-5	0
0.613161	-5	0
0.613471	-5	0
0.614288	-5	0
0.614571	-5	0
0.614832	-5	0
0.615112	-5	0
0.615392	-5	0
0.615678	-5	0
0.616016	-5	0
0.616776	-5	0
0.617303	-5	0
0.617589	-5	0
0.61793	-5	0
0.618097	-5	0
0.618376	-5	0
0.61866	-5	0
0.618946	-5	0
0.619709	-5	0
0.620021	-5	0
0.62033	-5	0
0.620623	-5	0
0.620907	-5	0
0.621087	-5	0
0.621412	-5	0
0.621679	-5	0
0.622569	-5	0
0.622841	-5	0
0.623111	-5	0
0.623418	-5	0
0.623696	-5	0
0.623974	-5	0
0.62422	-5	0
0.62453	-5	0
0.625428	-5	0
0.625657	-5	0
0.62593	-5	0
0.626165	-5	0
0.626446	-5	0
0.626712	-5	0
0.626993	-5	0
0.62802	-5	0
0.628286	-5	0
0.628566	-5	0
0.628848	-5	0
0.629131	-5	0
0.629418	-5	0
0.629727	-5	0
0.630287	-5	0
0.630921	-5	0
0.631196	-5	0
0.631481	-5	0
0.631717	-5	0
0.631957	-5	0
0.632275	-5	0
0.632543	-5	0
0.633385	-5	0
0.633653	-5	0
0.633919	-5	0
0.634188	-5	0
0.634454	-5	0
0.634795	-5	0
0.635072	-5	0
0.635298	-5	0
0.636208	-5	0
0.636476	-5	0
0.636742	-5	0
0.637017	-5	0
0.63729	-5	0
0.637619	-5	0
0.637882	-5	0
0.638172	-5	0
0.63905	-5	0
0.639307	-5	0
0.63946	-5	0
0.639818	-5	0
0.639994	-5	0
0.640224	-5	0
0.640508	-5	0
0.641375	-5	0
0.641798	-5	0
0.642032	-5	0
0.642278	-5	0
0.642567	-5	0
0.642838	-5	0
0.643114	-5	0
0.64341	-5	0
0.643836	-5	0
0.644391	-5	0
0.644684	-5	0
0.644902	-5	0
0.645104	-5	0
0.645497	-5	0
0.645696	-5	0
0.645995	-5	0
0.646887	-5	0
0.647166	-5	0
0.647399	-5	0
0.647675	-5	0
0.647952	-5	0
0.648225	-5	0
0.648513	-5	0
0.649458	-5	0
0.649703	-5	0
0.649995	-5	0
0.650284	-5	0
0.650534	-5	0
0.650842	-5	0
0.65109	-5	0
0.651239	-5	0
0.652177	-5	0
0.652529	-5	0
0.652806	-5	0
0.653126	-5	0
0.653354	-5	0
0.653639	-5	0
0.653921	-5	0
0.65492	-5	0
0.655312	-5	0
0.655465	-5	0
0.655696	-5	0
0.655959	-5	0
0.656213	-5	0
0.656515	-5	0
0.656825	-5	0
0.657428	-5	0
0.657956	-5	0
0.658158	-5	0
0.658352	-5	0
0.658643	-5	0
0.6589	-5	0
0.659169	-5	0
0.65945	-5	0
0.66031	-5	0
0.660586	-5	0
0.660917	-5	0
0.661205	-5	0
0.661523	-5	0
0.661809	-5	0
0.662094	-5	0
0.66244	-5	0
0.663313	-5	0
0.66354	-5	0
0.663809	-5	0
0.664107	-5	0
0.664413	-5	0
0.664754	-5	0
0.665066	-5	0
0.666051	-5	0
0.666844	-5	0
0.667137	-5	0
0.667416	-5	0
0.667692	-5	0
0.667968	-5	0
0.668292	-5	0
0.668973	-5	0
0.669402	-5	0
0.66962	-5	0
0.669903	-5	0
0.67014	-5	0
0.670378	-5	0
0.670623	-5	0
0.670961	-5	0
0.671666	-5	0
0.671945	-5	0
0.672225	-5	0
0.672501	-5	0
0.672827	-5	0
0.673094	-5	0
0.673376	-5	0
0.674266	-5	0
0.674543	-5	0
0.674778	-5	0
0.675055	-5	0
0.675334	-5	0
0.675644	-5	0
0.675925	-5	0
0.676953	-5	0
0.677223	-5	0
0.6775	-5	0
0.677799	-5	0
0.678065	-5	0
0.678377	-5	0
0.678654	-5	0
0.679059	-5	0
0.680093	-5	0
0.680342	-5	0
0.68051	-5	0
0.68068	-5	0
0.680914	-5	0
0.681195	-5	0
0.681482	-5	0
0.682174	-5	0
0.682823	-5	0
0.683133	-5	0
0.683415	-5	0
0.683678	-5	0
0.683989	-5	0
0.684261	-5	0
0.684443	-5	0
0.684869	-5	0
0.685642	-5	0
0.68595	-5	0
0.68623	-5	0
0.686498	-5	0
0.686792	-5	0
0.687072	-5	0
0.687441	-5	0
0.687928	-5	0
0.688685	-5	0
0.688987	-5	0
0.689234	-5	0
0.689404	-5	0
0.689649	-5	0
0.689773	-5	0
0.690056	-5	0
0.691192	-5	0
0.691355	-5	0
0.691633	-5	0
0.691929	-5	0
0.692196	-5	0
0.69251	-5	0
0.692782	-5	0
0.693158	-5	0
0.69429	-5	0
0.694595	-5	0
0.694795	-5	0
0.695023	-5	0
0.695323	-5	0
0.695678	-5	0
0.696009	-5	0
0.696543	-5	0
0.697221	-5	0
0.697488	-5	0
0.697763	-5	0
0.698038	-5	0
0.698292	-5	0
0.698441	-5	0
0.69868	-5	0
0.699273	-5	0
0.699885	-5	0
0.700053	-5	0
0.700362	-5	0
0.700681	-5	0
0.700964	-5	0
0.701248	-5	0
0.701593	-5	0
0.702428	-5	0
0.702689	-5	0
0.702974	-5	0
0.703259	-5	0
0.703543	-5	0
0.703715	-5	0
0.70406	-5	0
0.704215	-5	0
0.705226	-5	0
0.705478	-5	0
0.705714	-5	0
0.705947	-5	0
0.706195	-5	0
0.706492	-5	0
0.706785	-5	0
0.707818	-5	0
0.708176	-5	0
0.708454	-5	0
0.708737	-5	0
0.709041	-5	0
0.709328	-5	0
0.709682	-5	0
0.710087	-5	0
0.710915	-5	0
0.711124	-5	0
0.71138	-5	0
0.711658	-5	0
0.711941	-5	0
0.712255	-5	0
0.712549	-5	0
0.713457	-5	0
0.713691	-5	0
0.713926	-5	0
0.714173	-5	0
0.714457	-5	0
0.714803	-5	0
0.715213	-5	0
0.71652	-5	0
0.716745	-5	0
0.717193	-5	0
0.71746	-5	0
0.717722	-5	0
0.71789	-5	0
0.718183	-5	0
0.718736	-5	0
0.719356	-5	0
0.719626	-5	0
0.719894	-5	0
0.720191	-5	0
0.720442	-5	0
0.72069	-5	0
0.720927	-5	0
0.721153	-5	0
0.721915	-5	0
0.722188	-5	0
0.722463	-5	0
0.722737	-5	0
0.723055	-5	0
0.723307	-5	0
0.723596	-5	0
0.724621	-5	0
0.724867	-5	0
0.725116	-5	0
0.725398	-5	0
0.725716	-5	0
0.726039	-5	0
0.726332	-5	0
0.726587	-5	0
0.727503	-5	0
0.727839	-5	0
0.72811	-5	0
0.728377	-5	0
0.7287	-5	0
0.728941	-5	0
0.729212	-5	0
0.729488	-5	0
0.730518	-5	0
0.730747	-5	0
0.73104	-5	0
0.731263	-5	0
0.731451	-5	0
0.731661	-5	0
0.731945	-5	0
0.732356	-5	0
0.733092	-5	0
0.733409	-5	0
0.733687	-5	0
0.733986	-5	0
0.734276	-5	0
0.734587	-5	0
0.73489	-5	0
0.735334	-5	0
0.735959	-5	0
0.736127	-5	0
0.736336	-5	0
0.736527	-5	0
0.736847	-5	0
0.737121	-5	0
0.737409	-5	0
0.738408	-5	0
0.738655	-5	0
0.73892	-5	0
0.739207	-5	0
0.739502	-5	0
0.739829	-5	0
0.740122	-5	0
0.740434	-5	0
0.74133	-5	0
0.741666	-5	0
0.741965	-5	0
0.742273	-5	0
0.74254	-5	0
0.742872	-5	0
0.743339	-5	0
0.743706	-5	0
0.744692	-5	0
0.74498	-5	0
0.74525	-5	0
0.745422	-5	0
0.745666	-5	0
0.745791	-5	0
0.746071	-5	0
0.746596	-5	0
0.74732	-5	0
0.747494	-5	0
0.747763	-5	0
0.748023	-5	0
0.748311	-5	0
0.748583	-5	0
0.74892	-5	0
0.749368	-5	0
0.750001	-5	0
0.750169	-5	0
0.750406	-5	0
0.750528	-5	0
0.750857	-5	0
0.751083	-5	0
0.751371	-5	0
0.752396	-5	0
0.752641	-5	0
0.752975	-5	0
0.753259	-5	0
0.753514	-5	0
0.753814	-5	0
0.754106	-5	0
0.754259	-5	0
0.755289	-5	0
0.755634	-5	0
0.755913	-5	0
0.756203	-5	0
0.756452	-5	0
0.756757	-5	0
0.757089	-5	0
0.757672	-5	0
0.758257	-5	0
0.758549	-5	0
0.75881	-5	0
0.759071	-5	0
0.759305	-5	0
0.759616	-5	0
0.759887	-5	0
0.760488	-5	0
0.760951	-5	0
0.761219	-5	0
0.761495	-5	0
0.761664	-5	0
0.761959	-5	0
0.762238	-5	0
0.762523	-5	0
0.763509	-5	0
0.763753	-5	0
0.764058	-5	0
0.764315	-5	0
0.764563	-5	0
0.764889	-5	0
0.765183	-5	0
0.765406	-5	0
0.766323	-5	0
0.766524	-5	0
0.766798	-5	0
0.767069	-5	0
0.767301	-5	0
0.767589	-5	0
0.767892	-5	0
0.768652	-5	0
0.769414	-5	0
0.769612	-5	0
0.769841	-5	0
0.770139	-5	0
0.770419	-5	0
0.770718	-5	0
0.771037	-5	0
0.771853	-5	0
0.772102	-5	0
0.772379	-5	0
0.772625	-5	0
0.772928	-5	0
0.773255	-5	0
0.773557	-5	0
0.773665	-5	0
0.774484	-5	0
0.774767	-5	0
0.775051	-5	0
0.775288	-5	0
0.775549	-5	0
0.775817	-5	0
0.776084	-5	0
0.776933	-5	0
0.777441	-5	0
0.777672	-5	0
0.777948	-5	0
0.778216	-5	0
0.778503	-5	0
0.778767	-5	0
0.779025	-5	0
0.780016	-5	0
0.780338	-5	0
0.780573	-5	0
0.78085	-5	0
0.781084	-5	0
0.781369	-5	0
0.781611	-5	0
0.782041	-5	0
0.782774	-5	0
0.783084	-5	0
0.78337	-5	0
0.783627	-5	0
0.783956	-5	0
0.784197	-5	0
0.784482	-5	0
0.785444	-5	0
0.785732	-5	0
0.785969	-5	0
0.786204	-5	0
0.786469	-5	0
0.786737	-5	0
0.787022	-5	0
0.788109	-5	0
0.78841	-5	0
0.788687	-5	0
0.789026	-5	0
0.789252	-5	0
0.789492	-5	0
0.789785	-5	0
0.790659	-5	0
0.791081	-5	0
0.791318	-5	0
0.791577	-5	0
0.791834	-5	0
0.792111	-5	0
0.792396	-5	0
0.792806	-5	0
0.793658	-5	0
0.793952	-5	0
0.794206	-5	0
0.794363	-5	0
0.794576	-5	0
0.794905	-5	0
0.795181	-5	0
0.796375	-5	0
0.796496	-5	0
0.796731	-5	0
0.797008	-5	0
0.797394	-5	0
0.79759	-5	0
0.797872	-5	0
0.79886	-5	0
0.79924	-5	0
0.799503	-5	0
0.7998	-5	0
0.80014	-5	0
0.800414	-5	0
0.800721	-5	0
0.801063	-5	0
0.801848	-5	0
0.802193	-5	0
0.80249	-5	0
0.802787	-5	0
0.803065	-5	0
0.803345	-5	0
0.803776	-5	0
0.804244	-5	0
0.804809	-5	0
0.805084	-5	0
0.805342	-5	0
0.805627	-5	0
0.805936	-5	0
0.80626	-5	0
0.806591	-5	0
0.807045	-5	0
0.80769	-5	0
0.807858	-5	0
0.808068	-5	0
0.808259	-5	0
0.808568	-5	0
0.808785	-5	0
0.809181	-5	0
0.810091	-5	0
0.810339	-5	0
0.810616	-5	0
0.810937	-5	0
0.811162	-5	0
0.811444	-5	0
0.811692	-5	0
0.81261	-5	0
0.812945	-5	0
0.813247	-5	0
0.813529	-5	0
0.813783	-5	0
0.814054	-5	0
0.814328	-5	0
0.814645	-5	0
0.815447	-5	0
0.815753	-5	0
0.816022	-5	0
0.816194	-5	0
0.816454	-5	0
0.816765	-5	0
0.817094	-5	0
0.817396	-5	0
0.818197	-5	0
0.818473	-5	0
0.8188	-5	0
0.819092	-5	0
0.819361	-5	0
0.819508	-5	0
0.819738	-5	0
0.820002	-5	0
0.820858	-5	0
0.821141	-5	0
0.821386	-5	0
0.821684	-5	0
0.821984	-5	0
0.822291	-5	0
0.822589	-5	0
0.822881	-5	0
0.823799	-5	0
0.824019	-5	0
0.824275	-5	0
0.824501	-5	0
0.824786	-5	0
0.825091	-5	0
0.825383	-5	0
0.826349	-5	0
0.826683	-5	0
0.826924	-5	0
0.827202	-5	0
0.827491	-5	0
0.827733	-5	0
0.828027	-5	0
0.828702	-5	0
0.829291	-5	0
0.829585	-5	0
0.829868	-5	0
0.83014	-5	0
0.830413	-5	0
0.830726	-5	0
0.8311	-5	0
0.831845	-5	0
0.832353	-5	0
0.832613	-5	0
0.832882	-5	0
0.833139	-5	0
0.83343	-5	0
0.833576	-5	0
0.833809	-5	0
0.834759	-5	0
0.83511	-5	0
0.835389	-5	0
0.83571	-5	0
0.835986	-5	0
0.836236	-5	0
0.836503	-5	0
0.837481	-5	0
0.83802	-5	0
0.838175	-5	0
0.838407	-5	0
0.838663	-5	0
0.838967	-5	0
0.839218	-5	0
0.839481	-5	0
0.840221	-5	0
0.840489	-5	0
0.840802	-5	0
0.84105	-5	0
0.841152	-5	0
0.841383	-5	0
0.841661	-5	0
0.841929	-5	0
0.842948	-5	0
0.843249	-5	0
0.843539	-5	0
0.843798	-5	0
0.844061	-5	0
0.84429	-5	0
0.844609	-5	0
0.844973	-5	0
0.845935	-5	0
0.846272	-5	0
0.846427	-5	0
0.846655	-5	0
0.846944	-5	0
0.847159	-5	0
0.847448	-5	0
0.848351	-5	0
0.848991	-5	0
0.849265	-5	0
0.849509	-5	0
0.849749	-5	0
0.849961	-5	0
0.850245	-5	0
0.850515	-5	0
0.851333	-5	0
0.851568	-5	0
0.851846	-5	0
0.852117	-5	0
0.852413	-5	0
0.852668	-5	0
0.852958	-5	0
0.85394	-5	0
0.85419	-5	0
0.854496	-5	0
0.854782	-5	0
0.85503	-5	0
0.855283	-5	0
0.855577	-5	0
0.855723	-5	0
0.856649	-5	0
0.856966	-5	0
0.857245	-5	0
0.857565	-5	0
0.857798	-5	0
0.85808	-5	0
0.858361	-5	0
0.859211	-5	0
0.859591	-5	0
0.859838	-5	0
0.860092	-5	0
0.860376	-5	0
0.860676	-5	0
0.860963	-5	0
0.861227	-5	0
0.861737	-5	0
0.862291	-5	0
0.862601	-5	0
0.862879	-5	0
0.863146	-5	0
0.863412	-5	0
0.863752	-5	0
0.864073	-5	0
0.864557	-5	0
0.865149	-5	0
0.865318	-5	0
0.865528	-5	0
0.86572	-5	0
0.866002	-5	0
0.866332	-5	0
0.86662	-5	0
0.867608	-5	0
0.867903	-5	0
0.868153	-5	0
0.868402	-5	0
0.868691	-5	0
0.868952	-5	0
0.869235	-5	0
0.869341	-5	0
0.870325	-5	0
0.870659	-5	0
0.870936	-5	0
0.871255	-5	0
0.871483	-5	0
0.871767	-5	0
0.872062	-5	0
0.872943	-5	0
0.873557	-5	0
0.873867	-5	0
0.874137	-5	0
0.874431	-5	0
0.874739	-5	0
0.875007	-5	0
0.875298	-5	0
0.876082	-5	0
0.876339	-5	0
0.87663	-5	0
0.876878	-5	0
0.87707	-5	0
0.87721	-5	0
0.87748	-5	0
0.87776	-5	0
0.878762	-5	0
0.879018	-5	0
0.879275	-5	0
0.879533	-5	0
0.879827	-5	0
0.880089	-5	0
0.880407	-5	0
0.880722	-5	0
0.881711	-5	0
0.881951	-5	0
0.882148	-5	0
0.882435	-5	0
0.882692	-5	0
0.882962	-5	0
0.88323	-5	0
0.88349	-5	0
0.884437	-5	0
0.884721	-5	0
0.8849	-5	0
0.885093	-5	0
0.885345	-5	0
0.885603	-5	0
0.885908	-5	0
0.886588	-5	0
0.887356	-5	0
0.887658	-5	0
0.887829	-5	0
0.888123	-5	0
0.888439	-5	0
0.888711	-5	0
0.889024	-5	0
0.889845	-5	0
0.890135	-5	0
0.890427	-5	0
0.890672	-5	0
0.890838	-5	0
0.891016	-5	0
0.891259	-5	0
0.891557	-5	0
0.892615	-5	0
0.892881	-5	0
0.893142	-5	0
0.89343	-5	0
0.893689	-5	0
0.893951	-5	0
0.894288	-5	0
0.8948	-5	0
0.895493	-5	0
0.89579	-5	0
0.896068	-5	0
0.896343	-5	0
0.896631	-5	0
0.89689	-5	0
0.897183	-5	0
0.897936	-5	0
0.898224	-5	0
0.898471	-5	0
0.898717	-5	0
0.898998	-5	0
0.899209	-5	0
0.899475	-5	0
0.899689	-5	0
0.90064	-5	0
0.900926	-5	0
0.901216	-5	0
0.901471	-5	0
0.901763	-5	0
0.902034	-5	0
0.902307	-5	0
0.902935	-5	0
0.903619	-5	0
0.903882	-5	0
0.904135	-5	0
0.904312	-5	0
0.904535	-5	0
0.90482	-5	0
0.905075	-5	0
0.905856	-5	0
0.906648	-5	0
0.906828	-5	0
0.907097	-5	0
0.907375	-5	0
0.907638	-5	0
0.907937	-5	0
0.90826	-5	0
0.90884	-5	0
0.90934	-5	0
0.909484	-5	0
0.909713	-5	0
0.909917	-5	0
0.910198	-5	0
0.910452	-5	0
0.910735	-5	0
0.91172	-5	0
0.911991	-5	0
0.912264	-5	0
0.912585	-5	0
0.912813	-5	0
0.91305	-5	0
0.913339	-5	0
0.914008	-5	0
0.914627	-5	0
0.914901	-5	0
0.915198	-5	0
0.915515	-5	0
0.915756	-5	0
0.916045	-5	0
0.916151	-5	0
0.916438	-5	0
0.917139	-5	0
0.917419	-5	0
0.917735	-5	0
0.918014	-5	0
0.918318	-5	0
0.918587	-5	0
0.918916	-5	0
0.919918	-5	0
0.92023	-5	0
0.9205	-5	0
0.920768	-5	0
0.92104	-5	0
0.92121	-5	0
0.921481	-5	0
0.921815	-5	0
0.92286	-5	0
0.923137	-5	0
0.923366	-5	0
0.923772	-5	0
0.923896	-5	0
0.924206	-5	0
0.924497	-5	0
0.925304	-5	0
0.925772	-5	0
0.926072	-5	0
0.926354	-5	0
0.926615	-5	0
0.926927	-5	0
0.927176	-5	0
0.927541	-5	0
0.928349	-5	0
0.928595	-5	0
0.928911	-5	0
0.92908	-5	0
0.929253	-5	0
0.92955	-5	0
0.929783	-5	0
0.93007	-5	0
0.930921	-5	0
0.931199	-5	0
0.931459	-5	0
0.931742	-5	0
0.93204	-5	0
0.932323	-5	0
0.93261	-5	0
0.932902	-5	0
0.933917	-5	0
0.934134	-5	0
0.934295	-5	0
0.934568	-5	0
0.934804	-5	0
0.935139	-5	0
0.935351	-5	0
0.936195	-5	0
0.936747	-5	0
0.937108	-5	0
0.93726	-5	0
0.937513	-5	0
0.937752	-5	0
0.938036	-5	0
0.938435	-5	0
0.93921	-5	0
0.939462	-5	0
0.939732	-5	0
0.940008	-5	0
0.940304	-5	0
0.940574	-5	0
0.940849	-5	0
0.941663	-5	0
0.941958	-5	0
0.942242	-5	0
0.94253	-5	0
0.942699	-5	0
0.942878	-5	0
0.943103	-5	0
0.943385	-5	0
0.944456	-5	0
0.944723	-5	0
0.94498	-5	0
0.945269	-5	0
0.945524	-5	0
0.945785	-5	0
0.946118	-5	0
0.946833	-5	0
0.94727	-5	0
0.947453	-5	0
0.947756	-5	0
0.948033	-5	0
0.9483	-5	0
0.948554	-5	0
0.94883	-5	0
0.949592	-5	0
0.949858	-5	0
0.950199	-5	0
0.950444	-5	0
0.95058	-5	0
0.950818	-5	0
0.951087	-5	0
0.951365	-5	0
0.952347	-5	0
0.952619	-5	0
0.952923	-5	0
0.953176	-5	0
0.953413	-5	0
0.953654	-5	0
0.953937	-5	0
0.954944	-5	0
0.955262	-5	0
0.955539	-5	0
0.955861	-5	0
0.956092	-5	0
0.956375	-5	0
0.956668	-5	0
0.957427	-5	0
0.958225	-5	0
0.958405	-5	0
0.95871	-5	0
0.959024	-5	0
0.959335	-5	0
0.959611	-5	0
0.959923	-5	0
0.960977	-5	0
0.961253	-5	0
0.961524	-5	0
0.961819	-5	0
0.96211	-5	0
0.962428	-5	0
0.962726	-5	0
0.962981	-5	0
0.963831	-5	0
0.964048	-5	0
0.964323	-5	0
0.964584	-5	0
0.964866	-5	0
0.965147	-5	0
0.965434	-5	0
0.966009	-5	0
0.966554	-5	0
0.966827	-5	0
0.967107	-5	0
0.967382	-5	0
0.967649	-5	0
0.967943	-5	0
0.968237	-5	0
0.96881	-5	0
0.969536	-5	0
0.969846	-5	0
0.970065	-5	0
0.9703	-5	0
0.970486	-5	0
0.970758	-5	0
0.971007	-5	0
0.972058	-5	0
0.972329	-5	0
0.972606	-5	0
0.972944	-5	0
0.973308	-5	0
0.973474	-5	0
0.973789	-5	0
0.974314	-5	0
0.974962	-5	0
0.975198	-5	0
0.975436	-5	0
0.975695	-5	0
0.97598	-5	0
0.976299	-5	0
0.976592	-5	0
0.97735	-5	0
0.977595	-5	0
0.977847	-5	0
0.978132	-5	0
0.978423	-5	0
0.978777	-5	0
0.978963	-5	0
0.979158	-5	0
0.980123	-5	0
0.980415	-5	0
0.98069	-5	0
0.980985	-5	0
0.981252	-5	0
0.981575	-5	0
0.981832	-5	0
0.982201	-5	0
0.983464	-5	0
0.983741	-5	0
0.983907	-5	0
0.984214	-5	0
0.984513	-5	0
0.984814	-5	0
0.985109	-5	0
0.985462	-5	0
0.986555	-5	0
0.986819	-5	0
0.987098	-5	0
0.987401	-5	0
0.987547	-5	0
0.98778	-5	0
0.988057	-5	0
0.988383	-5	0
0.989329	-5	0
0.989603	-5	0
0.989839	-5	0
0.990116	-5	0
0.990412	-5	0
0.990685	-5	0
0.990986	-5	0
0.992101	-5	0
0.992482	-5	0
0.992728	-5	0
0.99297	-5	0
0.993284	-5	0
0.993592	-5	0
0.993889	-5	0
0.994177	-5	0
0.99523	-5	0
0.995399	-5	0
0.995608	-5	0
0.99581	-5	0
0.996091	-5	0
0.996366	-5	0
0.996667	-5	0
0.997258	-5	0
0.998419	-5	0
0.998682	-5	0
0.99893	-5	0
0.999226	-5	0
0.999482	-5	0
0.999795	-5	0
1.00011	-5	0
1.00066	-5	0
1.00122	-5	0
1.00146	-5	0
1.0016	-5	0
1.00182	-5	0
1.00209	-5	0
1.0023	-5	0
1.00251	-5	0
1.00358	-5	0
1.00385	-5	0
1.00411	-5	0
1.00441	-5	0
1.00472	-5	0
1.00503	-5	0
1.00532	-5	0
1.0056	-5	0
1.00653	-5	0
1.00678	-5	0
1.00701	-5	0
1.00729	-5	0
1.0076	-5	0
1.00788	-5	0
1.00822	-5	0
1.00896	-5	0
1.00948	-5	0
1.00963	-5	0
1.00986	-5	0
1.01015	-5	0
1.0104	-5	0
1.01068	-5	0
1.01119	-5	0
1.01205	-5	0
1.01237	-5	0
1.01265	-5	0
1.01295	-5	0
1.01325	-5	0
1.01356	-5	0
1.01387	-5	0
1.01483	-5	0
1.0151	-5	0
1.01539	-5	0
1.0157	-5	0
1.01597	-5	0
1.01629	-5	0
1.01659	-5	0
1.01686	-5	0
1.01782	-5	0
1.01806	-5	0
1.01831	-5	0
1.01844	-5	0
1.01868	-5	0
1.01889	-5	0
1.01919	-5	0
1.01986	-5	0
1.0204	-5	0
1.0207	-5	0
1.021	-5	0
1.02132	-5	0
1.0216	-5	0
1.02189	-5	0
1.02216	-5	0
1.02289	-5	0
1.02314	-5	0
1.02341	-5	0
1.02366	-5	0
1.02389	-5	0
1.02408	-5	0
1.0243	-5	0
1.02459	-5	0
1.02553	-5	0
1.0258	-5	0
1.02605	-5	0
1.02632	-5	0
1.02657	-5	0
1.0268	-5	0
1.02712	-5	0
1.02748	-5	0
1.02845	-5	0
1.0287	-5	0
1.02886	-5	0
1.02909	-5	0
1.02935	-5	0
1.02964	-5	0
1.02991	-5	0
1.03022	-5	0
1.03116	-5	0
1.03144	-5	0
1.03161	-5	0
1.03179	-5	0
1.03201	-5	0
1.0323	-5	0
1.03259	-5	0
1.03337	-5	0
1.03417	-5	0
1.03447	-5	0
1.03464	-5	0
1.0349	-5	0
1.03521	-5	0
1.03549	-5	0
1.03581	-5	0
1.0368	-5	0
1.03709	-5	0
1.03735	-5	0
1.03761	-5	0
1.03794	-5	0
1.03824	-5	0
1.03853	-5	0
1.03875	-5	0
1.03966	-5	0
1.0399	-5	0
1.04018	-5	0
1.04046	-5	0
1.04074	-5	0
1.041	-5	0
1.04128	-5	0
1.04203	-5	0
1.04285	-5	0
1.04302	-5	0
1.04332	-5	0
1.04354	-5	0
1.04384	-5	0
1.04415	-5	0
1.04439	-5	0
1.04526	-5	0
1.0456	-5	0
1.04583	-5	0
1.04613	-5	0
1.04643	-5	0
1.04671	-5	0
1.04703	-5	0
1.04735	-5	0
1.04841	-5	0
1.0487	-5	0
1.04895	-5	0
1.04909	-5	0
1.04935	-5	0
1.0496	-5	0
1.04988	-5	0
1.05029	-5	0
1.05103	-5	0
1.05135	-5	0
1.05157	-5	0
1.05185	-5	0
1.05212	-5	0
1.05239	-5	0
1.05344	-5	0
1.05377	-5	0
1.05405	-5	0
1.05429	-5	0
1.05456	-5	0
1.05488	-5	0
1.05509	-5	0
1.05538	-5	0
1.05645	-5	0
1.05668	-5	0
1.05691	-5	0
1.0572	-5	0
1.05748	-5	0
1.05776	-5	0
1.05807	-5	0
1.05914	-5	0
1.05962	-5	0
1.05988	-5	0
1.06017	-5	0
1.06047	-5	0
1.06076	-5	0
1.06108	-5	0
1.06166	-5	0
1.0623	-5	0
1.0626	-5	0
1.06287	-5	0
1.06315	-5	0
1.06341	-5	0
1.06373	-5	0
1.06403	-5	0
1.06448	-5	0
1.06523	-5	0
1.06553	-5	0
1.06585	-5	0
1.06615	-5	0
1.06632	-5	0
1.0665	-5	0
1.06673	-5	0
1.06775	-5	0
1.06807	-5	0
1.06835	-5	0
1.06867	-5	0
1.0689	-5	0
1.06919	-5	0
1.06949	-5	0
1.07029	-5	0
1.0711	-5	0
1.07135	-5	0
1.07158	-5	0
1.07184	-5	0
1.07214	-5	0
1.07246	-5	0
1.07275	-5	0
1.07362	-5	0
1.07393	-5	0
1.07421	-5	0
1.07448	-5	0
1.07476	-5	0
1.07501	-5	0
1.07531	-5	0
1.07555	-5	0
1.07645	-5	0
1.07672	-5	0
1.077	-5	0
1.07728	-5	0
1.07754	-5	0
1.0778	-5	0
1.07809	-5	0
1.07832	-5	0
1.07925	-5	0
1.07945	-5	0
1.07969	-5	0
1.08004	-5	0
1.08021	-5	0
1.0805	-5	0
1.0808	-5	0
1.08146	-5	0
1.08229	-5	0
1.08247	-5	0
1.08273	-5	0
1.08304	-5	0
1.08336	-5	0
1.08363	-5	0
1.0839	-5	0
1.08495	-5	0
1.08517	-5	0
1.08544	-5	0
1.08571	-5	0
1.086	-5	0
1.08624	-5	0
1.08658	-5	0
1.08736	-5	0
1.08768	-5	0
1.08796	-5	0
1.08825	-5	0
1.08855	-5	0
1.08881	-5	0
1.08911	-5	0
1.08942	-5	0
1.09015	-5	0
1.09041	-5	0
1.09072	-5	0
1.09094	-5	0
1.09113	-5	0
1.09134	-5	0
1.0916	-5	0
1.09188	-5	0
1.09279	-5	0
1.09303	-5	0
1.09332	-5	0
1.0936	-5	0
1.09386	-5	0
1.09413	-5	0
1.09442	-5	0
1.09456	-5	0
1.0955	-5	0
1.09575	-5	0
1.096	-5	0
1.09627	-5	0
1.09653	-5	0
1.09678	-5	0
1.09712	-5	0
1.09744	-5	0
1.09832	-5	0
1.09872	-5	0
1.09898	-5	0
1.09913	-5	0
1.09934	-5	0
1.09958	-5	0
1.09986	-5	0
1.10029	-5	0
1.10109	-5	0
1.10139	-5	0
1.10169	-5	0
1.10194	-5	0
1.10225	-5	0
1.10258	-5	0
1.10282	-5	0
1.10388	-5	0
1.1041	-5	0
1.10439	-5	0
1.10467	-5	0
1.10491	-5	0
1.10515	-5	0
1.10552	-5	0
1.10634	-5	0
1.10668	-5	0
1.10695	-5	0
1.10719	-5	0
1.10744	-5	0
1.10771	-5	0
1.108	-5	0
1.10831	-5	0
1.10865	-5	0
1.1093	-5	0
1.10956	-5	0
1.10985	-5	0
1.11012	-5	0
1.11041	-5	0
1.11074	-5	0
1.11106	-5	0
1.11181	-5	0
1.11207	-5	0
1.11233	-5	0
1.11261	-5	0
1.11289	-5	0
1.11315	-5	0
1.11326	-5	0
1.11353	-5	0
1.11452	-5	0
1.11475	-5	0
1.11504	-5	0
1.11529	-5	0
1.11554	-5	0
1.11579	-5	0
1.11608	-5	0
1.11622	-5	0
1.11719	-5	0
1.11753	-5	0
1.11781	-5	0
1.11813	-5	0
1.11836	-5	0
1.11864	-5	0
1.11892	-5	0
1.11979	-5	0
1.12017	-5	0
1.12044	-5	0
1.12074	-5	0
1.12097	-5	0
1.12125	-5	0
1.12154	-5	0
1.12183	-5	0
1.12263	-5	0
1.12291	-5	0
1.1232	-5	0
1.12348	-5	0
1.12377	-5	0
1.12406	-5	0
1.12421	-5	0
1.12447	-5	0
1.12547	-5	0
1.12569	-5	0
1.12594	-5	0
1.12621	-5	0
1.12647	-5	0
1.12673	-5	0
1.127	-5	0
1.12731	-5	0
1.12824	-5	0
1.12848	-5	0
1.12871	-5	0
1.12895	-5	0
1.12923	-5	0
1.12952	-5	0
1.1298	-5	0
1.13007	-5	0
1.13101	-5	0
1.13132	-5	0
1.13159	-5	0
1.13176	-5	0
1.13194	-5	0
1.13213	-5	0
1.13241	-5	0
1.13304	-5	0
1.1337	-5	0
1.13387	-5	0
1.13407	-5	0
1.1343	-5	0
1.13453	-5	0
1.13481	-5	0
1.13509	-5	0
1.13612	-5	0
1.13639	-5	0
1.13667	-5	0
1.13691	-5	0
1.1372	-5	0
1.1375	-5	0
1.13781	-5	0
1.1381	-5	0
1.13909	-5	0
1.13926	-5	0
1.1395	-5	0
1.13968	-5	0
1.13989	-5	0
1.1403	-5	0
1.1406	-5	0
1.14127	-5	0
1.14175	-5	0
1.14201	-5	0
1.14231	-5	0
1.14257	-5	0
1.14288	-5	0
1.1432	-5	0
1.1435	-5	0
1.14426	-5	0
1.14455	-5	0
1.14482	-5	0
1.14508	-5	0
1.14533	-5	0
1.14561	-5	0
1.14583	-5	0
1.14605	-5	0
1.14702	-5	0
1.14728	-5	0
1.14757	-5	0
1.14786	-5	0
1.14812	-5	0
1.14843	-5	0
1.1487	-5	0
1.14901	-5	0
1.15	-5	0
1.15025	-5	0
1.15042	-5	0
1.15064	-5	0
1.15084	-5	0
1.15112	-5	0
1.15141	-5	0
1.152	-5	0
1.1527	-5	0
1.153	-5	0
1.15332	-5	0
1.1536	-5	0
1.15385	-5	0
1.1541	-5	0
1.15424	-5	0
1.1546	-5	0
1.15539	-5	0
1.1556	-5	0
1.15588	-5	0
1.15611	-5	0
1.15652	-5	0
1.15682	-5	0
1.15698	-5	0
1.158	-5	0
1.15832	-5	0
1.15855	-5	0
1.15896	-5	0
1.1593	-5	0
1.15944	-5	0
1.15964	-5	0
1.16003	-5	0
1.16076	-5	0
1.16107	-5	0
1.16133	-5	0
1.1616	-5	0
1.16185	-5	0
1.16212	-5	0
1.1624	-5	0
1.16277	-5	0
1.16347	-5	0
1.16363	-5	0
1.16385	-5	0
1.16404	-5	0
1.16431	-5	0
1.16457	-5	0
1.16485	-5	0
1.16588	-5	0
1.16618	-5	0
1.16646	-5	0
1.16675	-5	0
1.167	-5	0
1.1673	-5	0
1.16756	-5	0
1.1679	-5	0
1.16881	-5	0
1.16907	-5	0
1.16927	-5	0
1.16946	-5	0
1.16974	-5	0
1.16995	-5	0
1.17027	-5	0
1.17079	-5	0
1.17151	-5	0
1.17166	-5	0
1.17189	-5	0
1.17212	-5	0
1.17236	-5	0
1.17264	-5	0
1.17296	-5	0
1.17377	-5	0
1.17404	-5	0
1.17427	-5	0
1.17455	-5	0
1.17484	-5	0
1.1751	-5	0
1.17539	-5	0
1.17646	-5	0
1.17675	-5	0
1.177	-5	0
1.17729	-5	0
1.17754	-5	0
1.17783	-5	0
1.17807	-5	0
1.17828	-5	0
1.17922	-5	0
1.17949	-5	0
1.17977	-5	0
1.18005	-5	0
1.18037	-5	0
1.18064	-5	0
1.18092	-5	0
1.18127	-5	0
1.18225	-5	0
1.18254	-5	0
1.18271	-5	0
1.18292	-5	0
1.18311	-5	0
1.1834	-5	0
1.18369	-5	0
1.1844	-5	0
1.18502	-5	0
1.18533	-5	0
1.1856	-5	0
1.18586	-5	0
1.18615	-5	0
1.18649	-5	0
1.18678	-5	0
1.18762	-5	0
1.18787	-5	0
1.18818	-5	0
1.18843	-5	0
1.18867	-5	0
1.1889	-5	0
1.18911	-5	0
1.18932	-5	0
1.19032	-5	0
1.19054	-5	0
1.19084	-5	0
1.19111	-5	0
1.1914	-5	0
1.19167	-5	0
1.19194	-5	0
1.19262	-5	0
1.1933	-5	0
1.19356	-5	0
1.1938	-5	0
1.19398	-5	0
1.19419	-5	0
1.19448	-5	0
1.19477	-5	0
1.19546	-5	0
1.1962	-5	0
1.19648	-5	0
1.19672	-5	0
1.19698	-5	0
1.1973	-5	0
1.1976	-5	0
1.19781	-5	0
1.19802	-5	0
1.19885	-5	0
1.19914	-5	0
1.19944	-5	0
1.19978	-5	0
1.20005	-5	0
1.20037	-5	0
1.2007	-5	0
1.20159	-5	0
1.20191	-5	0
1.2022	-5	0
1.20251	-5	0
1.2028	-5	0
1.20313	-5	0
1.20341	-5	0
1.20363	-5	0
1.20459	-5	0
1.20486	-5	0
1.20516	-5	0
1.20533	-5	0
1.20563	-5	0
1.20594	-5	0
1.20626	-5	0
1.20679	-5	0
1.20752	-5	0
1.20769	-5	0
1.20795	-5	0
1.20825	-5	0
1.20854	-5	0
1.20884	-5	0
1.20916	-5	0
1.20998	-5	0
1.21026	-5	0
1.21053	-5	0
1.21081	-5	0
1.21109	-5	0
1.21137	-5	0
1.21166	-5	0
1.21269	-5	0
1.21295	-5	0
1.21319	-5	0
1.21348	-5	0
1.21376	-5	0
1.21402	-5	0
1.21431	-5	0
1.21465	-5	0
1.21557	-5	0
1.21589	-5	0
1.21615	-5	0
1.21632	-5	0
1.21664	-5	0
1.21695	-5	0
1.21728	-5	0
1.21777	-5	0
1.21846	-5	0
1.21864	-5	0
1.2189	-5	0
1.21925	-5	0
1.21956	-5	0
1.21984	-5	0
1.22015	-5	0
1.22115	-5	0
1.2214	-5	0
1.22171	-5	0
1.22204	-5	0
1.22231	-5	0
1.22263	-5	0
1.22293	-5	0
1.22318	-5	0
1.22412	-5	0
1.22455	-5	0
1.22486	-5	0
1.22503	-5	0
1.22531	-5	0
1.22561	-5	0
1.22586	-5	0
1.22619	-5	0
1.22694	-5	0
1.22722	-5	0
1.2275	-5	0
1.22779	-5	0
1.22796	-5	0
1.22812	-5	0
1.22842	-5	0
1.22868	-5	0
1.22981	-5	0
1.23013	-5	0
1.23041	-5	0
1.23069	-5	0
1.23099	-5	0
1.2313	-5	0
1.2316	-5	0
1.23188	-5	0
1.23289	-5	0
1.23317	-5	0
1.23334	-5	0
1.23353	-5	0
1.23374	-5	0
1.23401	-5	0
1.2343	-5	0
1.235	-5	0
1.23564	-5	0
1.23595	-5	0
1.23626	-5	0
1.23643	-5	0
1.23674	-5	0
1.23702	-5	0
1.23731	-5	0
1.23834	-5	0
1.23858	-5	0
1.23887	-5	0
1.23919	-5	0
1.23942	-5	0
1.2397	-5	0
1.23998	-5	0
1.24085	-5	0
1.24122	-5	0
1.24149	-5	0
1.24181	-5	0
1.2421	-5	0
1.24238	-5	0
1.24267	-5	0
1.24329	-5	0
1.24386	-5	0
1.24414	-5	0
1.24442	-5	0
1.2447	-5	0
1.24499	-5	0
1.24532	-5	0
1.24564	-5	0
1.24645	-5	0
1.24671	-5	0
1.24696	-5	0
1.24725	-5	0
1.24753	-5	0
1.24776	-5	0
1.248	-5	0
1.24821	-5	0
1.24915	-5	0
1.24944	-5	0
1.24967	-5	0
1.24995	-5	0
1.2502	-5	0
1.25052	-5	0
1.2508	-5	0
1.2518	-5	0
1.25208	-5	0
1.25235	-5	0
1.25263	-5	0
1.25291	-5	0
1.2532	-5	0
1.25351	-5	0
1.25422	-5	0
1.25484	-5	0
1.25507	-5	0
1.25526	-5	0
1.25547	-5	0
1.25571	-5	0
1.25599	-5	0
1.25633	-5	0
1.25703	-5	0
1.25731	-5	0
1.25758	-5	0
1.25786	-5	0
1.25819	-5	0
1.25846	-5	0
1.25874	-5	0
1.25988	-5	0
1.26015	-5	0
1.26042	-5	0
1.26071	-5	0
1.26106	-5	0
1.26137	-5	0
1.26175	-5	0
1.26214	-5	0
1.26307	-5	0
1.26333	-5	0
1.26352	-5	0
1.26381	-5	0
1.26404	-5	0
1.26435	-5	0
1.26463	-5	0
1.26494	-5	0
1.26613	-5	0
1.26633	-5	0
1.26658	-5	0
1.26685	-5	0
1.26714	-5	0
1.26748	-5	0
1.26778	-5	0
1.26899	-5	0
1.2692	-5	0
1.26952	-5	0
1.26983	-5	0
1.27008	-5	0
1.27038	-5	0
1.27063	-5	0
1.27109	-5	0
1.27182	-5	0
1.27208	-5	0
1.27235	-5	0
1.27262	-5	0
1.27285	-5	0
1.27313	-5	0
1.27345	-5	0
1.2739	-5	0
1.27461	-5	0
1.27491	-5	0
1.27519	-5	0
1.2755	-5	0
1.27581	-5	0
1.27611	-5	0
1.27644	-5	0
1.27689	-5	0
1.27751	-5	0
1.27765	-5	0
1.27788	-5	0
1.27808	-5	0
1.27837	-5	0
1.27865	-5	0
1.27894	-5	0
1.28008	-5	0
1.28052	-5	0
1.28075	-5	0
1.28102	-5	0
1.28128	-5	0
1.28159	-5	0
1.28188	-5	0
1.28221	-5	0
1.28317	-5	0
1.28334	-5	0
1.28358	-5	0
1.2837	-5	0
1.28398	-5	0
1.28426	-5	0
1.28455	-5	0
1.28523	-5	0
1.28592	-5	0
1.28607	-5	0
1.28628	-5	0
1.28655	-5	0
1.28683	-5	0
1.28711	-5	0
1.28751	-5	0
1.28824	-5	0
1.28848	-5	0
1.28879	-5	0
1.28902	-5	0
1.2893	-5	0
1.2896	-5	0
1.28989	-5	0
1.29076	-5	0
1.29108	-5	0
1.29133	-5	0
1.29157	-5	0
1.29179	-5	0
1.292	-5	0
1.29224	-5	0
1.29252	-5	0
1.29372	-5	0
1.29393	-5	0
1.29423	-5	0
1.2945	-5	0
1.2948	-5	0
1.2951	-5	0
1.29544	-5	0
1.29566	-5	0
1.29649	-5	0
1.29679	-5	0
1.29709	-5	0
1.2975	-5	0
1.29766	-5	0
1.29787	-5	0
1.29817	-5	0
1.29932	-5	0
1.29973	-5	0
1.29999	-5	0
1.30025	-5	0
1.30055	-5	0
1.30082	-5	0
1.30113	-5	0
1.30144	-5	0
1.30239	-5	0
1.30265	-5	0
1.30291	-5	0
1.30321	-5	0
1.30347	-5	0
1.30362	-5	0
1.30388	-5	0
1.30419	-5	0
1.30512	-5	0
1.3054	-5	0
1.3057	-5	0
1.30593	-5	0
1.30621	-5	0
1.30652	-5	0
1.30681	-5	0
1.30746	-5	0
1.30807	-5	0
1.30834	-5	0
1.30859	-5	0
1.30885	-5	0
1.30907	-5	0
1.30928	-5	0
1.30948	-5	0
1.31015	-5	0
1.31087	-5	0
1.31104	-5	0
1.31135	-5	0
1.31167	-5	0
1.31196	-5	0
1.31229	-5	0
1.31258	-5	0
1.31341	-5	0
1.31371	-5	0
1.314	-5	0
1.31425	-5	0
1.31451	-5	0
1.31482	-5	0
1.31498	-5	0
1.31521	-5	0
1.31642	-5	0
1.31673	-5	0
1.31697	-5	0
1.31721	-5	0
1.31744	-5	0
1.31773	-5	0
1.31806	-5	0
1.31885	-5	0
1.31926	-5	0
1.31955	-5	0
1.31983	-5	0
1.3201	-5	0
1.32037	-5	0
1.32064	-5	0
1.32095	-5	0
1.32146	-5	0
1.32204	-5	0
1.32235	-5	0
1.32261	-5	0
1.32278	-5	0
1.323	-5	0
1.32321	-5	0
1.32349	-5	0
1.32448	-5	0
1.32475	-5	0
1.32505	-5	0
1.32536	-5	0
1.32568	-5	0
1.32597	-5	0
1.32628	-5	0
1.32657	-5	0
1.3274	-5	0
1.3277	-5	0
1.328	-5	0
1.32827	-5	0
1.32856	-5	0
1.32886	-5	0
1.32925	-5	0
1.32958	-5	0
1.33093	-5	0
1.33109	-5	0
1.33143	-5	0
1.33164	-5	0
1.33188	-5	0
1.33217	-5	0
1.33244	-5	0
1.33344	-5	0
1.33369	-5	0
1.33395	-5	0
1.33421	-5	0
1.33444	-5	0
1.33462	-5	0
1.33486	-5	0
1.3351	-5	0
1.33614	-5	0
1.33645	-5	0
1.33673	-5	0
1.33705	-5	0
1.33727	-5	0
1.33756	-5	0
1.33781	-5	0
1.33855	-5	0
1.33934	-5	0
1.33953	-5	0
1.33981	-5	0
1.34009	-5	0
1.34037	-5	0
1.34066	-5	0
1.34099	-5	0
1.34179	-5	0
1.34207	-5	0
1.34232	-5	0
1.34261	-5	0
1.3429	-5	0
1.34322	-5	0
1.34351	-5	0
1.34379	-5	0
1.34474	-5	0
1.34507	-5	0
1.34527	-5	0
1.34556	-5	0
1.3458	-5	0
1.34611	-5	0
1.34642	-5	0
1.34697	-5	0
1.34758	-5	0
1.34787	-5	0
1.34815	-5	0
1.34846	-5	0
1.34875	-5	0
1.34907	-5	0
1.34941	-5	0
1.35027	-5	0
1.35054	-5	0
1.35082	-5	0
1.35109	-5	0
1.35142	-5	0
1.35159	-5	0
1.35191	-5	0
1.35222	-5	0
1.35314	-5	0
1.35342	-5	0
1.35369	-5	0
1.35403	-5	0
1.35427	-5	0
1.35459	-5	0
1.35486	-5	0
1.35516	-5	0
1.35617	-5	0
1.35634	-5	0
1.35658	-5	0
1.35676	-5	0
1.35701	-5	0
1.35724	-5	0
1.35754	-5	0
1.35797	-5	0
1.35879	-5	0
1.35904	-5	0
1.3593	-5	0
1.3596	-5	0
1.35992	-5	0
1.36018	-5	0
1.36043	-5	0
1.36109	-5	0
1.36171	-5	0
1.3619	-5	0
1.36218	-5	0
1.36245	-5	0
1.36273	-5	0
1.36303	-5	0
1.36335	-5	0
1.36417	-5	0
1.3644	-5	0
1.36468	-5	0
1.36492	-5	0
1.36524	-5	0
1.3655	-5	0
1.36578	-5	0
1.36673	-5	0
1.36702	-5	0
1.36725	-5	0
1.36753	-5	0
1.3678	-5	0
1.36807	-5	0
1.36834	-5	0
1.36923	-5	0
1.36969	-5	0
1.36996	-5	0
1.37027	-5	0
1.37054	-5	0
1.37079	-5	0
1.37104	-5	0
1.37132	-5	0
1.37237	-5	0
1.37266	-5	0
1.37294	-5	0
1.37322	-5	0
1.3735	-5	0
1.37379	-5	0
1.37413	-5	0
1.37479	-5	0
1.37553	-5	0
1.3757	-5	0
1.37601	-5	0
1.37632	-5	0
1.37661	-5	0
1.37689	-5	0
1.37724	-5	0
1.37805	-5	0
1.37831	-5	0
1.37857	-5	0
1.37887	-5	0
1.37912	-5	0
1.37932	-5	0
1.37953	-5	0
1.37976	-5	0
1.38076	-5	0
1.38104	-5	0
1.38133	-5	0
1.38159	-5	0
1.38186	-5	0
1.38214	-5	0
1.38242	-5	0
1.3831	-5	0
1.3837	-5	0
1.38395	-5	0
1.38419	-5	0
1.38436	-5	0
1.38458	-5	0
1.38485	-5	0
1.38511	-5	0
1.38598	-5	0
1.38652	-5	0
1.38675	-5	0
1.38702	-5	0
1.38729	-5	0
1.38761	-5	0
1.38792	-5	0
1.38819	-5	0
1.38887	-5	0
1.38926	-5	0
1.38957	-5	0
1.38979	-5	0
1.38995	-5	0
1.39023	-5	0
1.39053	-5	0
1.39081	-5	0
1.39183	-5	0
1.39228	-5	0
1.39245	-5	0
1.39271	-5	0
1.39299	-5	0
1.39329	-5	0
1.39357	-5	0
1.39383	-5	0
1.39492	-5	0
1.39516	-5	0
1.39533	-5	0
1.39545	-5	0
1.39572	-5	0
1.39602	-5	0
1.39631	-5	0
1.39681	-5	0
1.39743	-5	0
1.39768	-5	0
1.39794	-5	0
1.39822	-5	0
1.39851	-5	0
1.39866	-5	0
1.39889	-5	0
1.39938	-5	0
1.40017	-5	0
1.40034	-5	0
1.40057	-5	0
1.40085	-5	0
1.40115	-5	0
1.40139	-5	0
1.40168	-5	0
1.40249	-5	0
1.40273	-5	0
1.40302	-5	0
1.40326	-5	0
1.40355	-5	0
1.40387	-5	0
1.40419	-5	0
1.40518	-5	0
1.40546	-5	0
1.40578	-5	0
1.40605	-5	0
1.40631	-5	0
1.40648	-5	0
1.40679	-5	0
1.4071	-5	0
1.40815	-5	0
1.40848	-5	0
1.40876	-5	0
1.40909	-5	0
1.40932	-5	0
1.4096	-5	0
1.4099	-5	0
1.41062	-5	0
1.41125	-5	0
1.41153	-5	0
1.41179	-5	0
1.41204	-5	0
1.41233	-5	0
1.41256	-5	0
1.41276	-5	0
1.41335	-5	0
1.41396	-5	0
1.4141	-5	0
1.41442	-5	0
1.41457	-5	0
1.41479	-5	0
1.41512	-5	0
1.41542	-5	0
1.41657	-5	0
1.41695	-5	0
1.41718	-5	0
1.41748	-5	0
1.41774	-5	0
1.41802	-5	0
1.41832	-5	0
1.41894	-5	0
1.41951	-5	0
1.41978	-5	0
1.42006	-5	0
1.4203	-5	0
1.42059	-5	0
1.42081	-5	0
1.42101	-5	0
1.42155	-5	0
1.42215	-5	0
1.42232	-5	0
1.42257	-5	0
1.42285	-5	0
1.42315	-5	0
1.42343	-5	0
1.42376	-5	0
1.42456	-5	0
1.42485	-5	0
1.4251	-5	0
1.42535	-5	0
1.42563	-5	0
1.42588	-5	0
1.4261	-5	0
1.42631	-5	0
1.42734	-5	0
1.4276	-5	0
1.42786	-5	0
1.42809	-5	0
1.4284	-5	0
1.42867	-5	0
1.42894	-5	0
1.42926	-5	0
1.43022	-5	0
1.43046	-5	0
1.43072	-5	0
1.4309	-5	0
1.43119	-5	0
1.43147	-5	0
1.43174	-5	0
1.43203	-5	0
1.43303	-5	0
1.43329	-5	0
1.43357	-5	0
1.43381	-5	0
1.43396	-5	0
1.4342	-5	0
1.43449	-5	0
1.43511	-5	0
1.43604	-5	0
1.43624	-5	0
1.43647	-5	0
1.43677	-5	0
1.43707	-5	0
1.4374	-5	0
1.43771	-5	0
1.43866	-5	0
1.43892	-5	0
1.43922	-5	0
1.43953	-5	0
1.43981	-5	0
1.44009	-5	0
1.44041	-5	0
1.4407	-5	0
1.44162	-5	0
1.44187	-5	0
1.44208	-5	0
1.44227	-5	0
1.44251	-5	0
1.44279	-5	0
1.44308	-5	0
1.44366	-5	0
1.44429	-5	0
1.44458	-5	0
1.44485	-5	0
1.44515	-5	0
1.44542	-5	0
1.44573	-5	0
1.44603	-5	0
1.4468	-5	0
1.44705	-5	0
1.44732	-5	0
1.44761	-5	0
1.44785	-5	0
1.44804	-5	0
1.44832	-5	0
1.44852	-5	0
1.44955	-5	0
1.44981	-5	0
1.45008	-5	0
1.45038	-5	0
1.45065	-5	0
1.45096	-5	0
1.45126	-5	0
1.45163	-5	0
1.4527	-5	0
1.45299	-5	0
1.45316	-5	0
1.45355	-5	0
1.45374	-5	0
1.45399	-5	0
1.45427	-5	0
1.4548	-5	0
1.45543	-5	0
1.4557	-5	0
1.45598	-5	0
1.45625	-5	0
1.45647	-5	0
1.45672	-5	0
1.45691	-5	0
1.45724	-5	0
1.45815	-5	0
1.45834	-5	0
1.4586	-5	0
1.45886	-5	0
1.45918	-5	0
1.45949	-5	0
1.45976	-5	0
1.46027	-5	0
1.461	-5	0
1.46122	-5	0
1.46145	-5	0
1.46171	-5	0
1.46201	-5	0
1.46224	-5	0
1.46256	-5	0
1.46359	-5	0
1.46388	-5	0
1.46418	-5	0
1.46449	-5	0
1.46476	-5	0
1.46507	-5	0
1.4654	-5	0
1.46598	-5	0
1.46666	-5	0
1.46688	-5	0
1.46716	-5	0
1.46742	-5	0
1.46774	-5	0
1.46808	-5	0
1.46837	-5	0
1.46881	-5	0
1.46945	-5	0
1.46975	-5	0
1.46995	-5	0
1.47018	-5	0
1.47049	-5	0
1.47077	-5	0
1.47111	-5	0
1.47206	-5	0
1.47233	-5	0
1.47263	-5	0
1.47294	-5	0
1.47321	-5	0
1.47349	-5	0
1.47383	-5	0
1.4741	-5	0
1.47504	-5	0
1.47533	-5	0
1.4755	-5	0
1.47571	-5	0
1.4759	-5	0
1.47618	-5	0
1.47647	-5	0
1.47692	-5	0
1.47773	-5	0
1.47804	-5	0
1.47832	-5	0
1.47862	-5	0
1.47895	-5	0
1.47924	-5	0
1.47952	-5	0
1.48017	-5	0
1.48074	-5	0
1.48103	-5	0
1.48123	-5	0
1.48151	-5	0
1.48171	-5	0
1.48198	-5	0
1.48224	-5	0
1.48329	-5	0
1.48356	-5	0
1.48383	-5	0
1.48415	-5	0
1.48441	-5	0
1.48469	-5	0
1.48498	-5	0
1.4859	-5	0
1.48624	-5	0
1.48646	-5	0
1.4867	-5	0
1.48702	-5	0
1.48728	-5	0
1.48754	-5	0
1.48789	-5	0
1.48858	-5	0
1.48926	-5	0
1.48951	-5	0
1.48972	-5	0
1.48996	-5	0
1.49011	-5	0
1.49037	-5	0
1.49066	-5	0
1.49147	-5	0
1.49174	-5	0
1.49199	-5	0
1.49228	-5	0
1.49254	-5	0
1.49284	-5	0
1.49313	-5	0
1.49343	-5	0
1.49445	-5	0
1.49482	-5	0
1.49512	-5	0
1.49527	-5	0
1.4955	-5	0
1.49578	-5	0
1.49612	-5	0
1.49684	-5	0
1.49737	-5	0
1.49757	-5	0
1.49779	-5	0
1.49801	-5	0
1.49828	-5	0
1.49859	-5	0
1.49887	-5	0
1.49968	-5	0
1.49996	-5	0
1.50021	-5	0
1.50048	-5	0
1.50073	-5	0
1.50106	-5	0
1.50133	-5	0
1.50242	-5	0
1.50263	-5	0
1.50291	-5	0
1.5032	-5	0
1.50346	-5	0
1.50377	-5	0
1.50411	-5	0
1.50449	-5	0
1.50534	-5	0
1.50561	-5	0
1.50589	-5	0
1.50606	-5	0
1.50636	-5	0
1.50666	-5	0
1.50699	-5	0
1.50736	-5	0
1.50809	-5	0
1.5084	-5	0
1.50866	-5	0
1.50892	-5	0
1.50918	-5	0
1.50948	-5	0
1.50977	-5	0
1.51029	-5	0
1.5109	-5	0
1.51114	-5	0
1.51131	-5	0
1.51154	-5	0
1.51178	-5	0
1.51202	-5	0
1.51231	-5	0
1.51334	-5	0
1.51359	-5	0
1.51383	-5	0
1.51406	-5	0
1.51432	-5	0
1.51461	-5	0
1.51497	-5	0
1.51563	-5	0
1.5162	-5	0
1.51643	-5	0
1.51672	-5	0
1.51703	-5	0
1.51732	-5	0
1.51762	-5	0
1.5179	-5	0
1.51869	-5	0
1.51894	-5	0
1.51923	-5	0
1.51948	-5	0
1.51965	-5	0
1.51979	-5	0
1.5201	-5	0
1.5204	-5	0
1.52128	-5	0
1.52156	-5	0
1.52188	-5	0
1.52216	-5	0
1.5225	-5	0
1.52277	-5	0
1.52304	-5	0
1.52345	-5	0
1.52438	-5	0
1.52463	-5	0
1.52485	-5	0
1.52499	-5	0
1.52525	-5	0
1.52551	-5	0
1.5258	-5	0
1.52656	-5	0
1.52738	-5	0
1.52756	-5	0
1.52784	-5	0
1.52811	-5	0
1.52839	-5	0
1.52871	-5	0
1.52901	-5	0
1.52954	-5	0
1.53023	-5	0
1.53046	-5	0
1.53069	-5	0
1.53098	-5	0
1.53129	-5	0
1.53156	-5	0
1.53193	-5	0
1.53289	-5	0
1.53321	-5	0
1.53347	-5	0
1.53379	-5	0
1.53407	-5	0
1.53435	-5	0
1.53467	-5	0
1.53526	-5	0
1.53586	-5	0
1.53614	-5	0
1.5364	-5	0
1.53668	-5	0
1.53692	-5	0
1.53719	-5	0
1.53747	-5	0
1.53766	-5	0
1.5385	-5	0
1.53877	-5	0
1.539	-5	0
1.53927	-5	0
1.53951	-5	0
1.53979	-5	0
1.54007	-5	0
1.54124	-5	0
1.54152	-5	0
1.54179	-5	0
1.54208	-5	0
1.54235	-5	0
1.54266	-5	0
1.54295	-5	0
1.54334	-5	0
1.54462	-5	0
1.5449	-5	0
1.54521	-5	0
1.54546	-5	0
1.5456	-5	0
1.54585	-5	0
1.54628	-5	0
1.54693	-5	0
1.54775	-5	0
1.54787	-5	0
1.54813	-5	0
1.54838	-5	0
1.54864	-5	0
1.54894	-5	0
1.5492	-5	0
1.55	-5	0
1.55037	-5	0
1.55063	-5	0
1.55086	-5	0
1.55104	-5	0
1.55129	-5	0
1.55159	-5	0
1.55189	-5	0
1.5529	-5	0
1.55318	-5	0
1.55343	-5	0
1.55373	-5	0
1.55399	-5	0
1.55425	-5	0
1.55458	-5	0
1.5549	-5	0
1.55605	-5	0
1.55641	-5	0
1.55667	-5	0
1.55688	-5	0
1.55702	-5	0
1.55721	-5	0
1.55749	-5	0
1.55811	-5	0
1.55877	-5	0
1.55895	-5	0
1.55916	-5	0
1.55942	-5	0
1.55966	-5	0
1.55994	-5	0
1.56023	-5	0
1.56116	-5	0
1.56146	-5	0
1.56171	-5	0
1.56196	-5	0
1.56222	-5	0
1.5625	-5	0
1.56278	-5	0
1.5638	-5	0
1.56409	-5	0
1.56437	-5	0
1.56469	-5	0
1.56492	-5	0
1.5652	-5	0
1.56555	-5	0
1.56642	-5	0
1.56673	-5	0
1.56694	-5	0
1.56722	-5	0
1.56749	-5	0
1.56777	-5	0
1.5681	-5	0
1.56867	-5	0
1.56933	-5	0
1.5695	-5	0
1.5698	-5	0
1.5701	-5	0
1.57039	-5	0
1.57071	-5	0
1.57097	-5	0
1.57189	-5	0
1.57214	-5	0
1.57242	-5	0
1.57269	-5	0
1.57297	-5	0
1.57331	-5	0
1.5736	-5	0
1.57478	-5	0
1.57513	-5	0
1.57538	-5	0
1.57566	-5	0
1.57597	-5	0
1.57624	-5	0
1.57657	-5	0
1.5769	-5	0
1.57774	-5	0
1.57792	-5	0
1.5782	-5	0
1.57847	-5	0
1.5788	-5	0
1.57909	-5	0
1.57945	-5	0
1.58001	-5	0
1.58086	-5	0
1.58103	-5	0
1.58135	-5	0
1.58164	-5	0
1.58195	-5	0
1.58224	-5	0
1.58255	-5	0
1.58358	-5	0
1.58384	-5	0
1.5841	-5	0
1.5844	-5	0
1.58466	-5	0
1.58494	-5	0
1.58526	-5	0
1.58561	-5	0
1.58666	-5	0
1.58693	-5	0
1.58726	-5	0
1.58757	-5	0
1.58785	-5	0
1.58802	-5	0
1.58825	-5	0
1.5885	-5	0
1.58932	-5	0
1.58956	-5	0
1.58984	-5	0
1.59008	-5	0
1.59038	-5	0
1.5907	-5	0
1.59097	-5	0
1.59203	-5	0
1.59234	-5	0
1.59262	-5	0
1.59295	-5	0
1.59326	-5	0
1.59357	-5	0
1.59388	-5	0
1.59452	-5	0
1.59513	-5	0
1.59541	-5	0
1.59567	-5	0
1.59592	-5	0
1.59617	-5	0
1.59631	-5	0
1.59654	-5	0
1.597	-5	0
1.5978	-5	0
1.59797	-5	0
1.59817	-5	0
1.59843	-5	0
1.59865	-5	0
1.59893	-5	0
1.59929	-5	0
1.60017	-5	0
1.60045	-5	0
1.60073	-5	0
1.60099	-5	0
1.60126	-5	0
1.60153	-5	0
1.60178	-5	0
1.6024	-5	0
1.60323	-5	0
1.60351	-5	0
1.60375	-5	0
1.60392	-5	0
1.60415	-5	0
1.60441	-5	0
1.60464	-5	0
1.6055	-5	0
1.60583	-5	0
1.60605	-5	0
1.60632	-5	0
1.6066	-5	0
1.60688	-5	0
1.6072	-5	0
1.60787	-5	0
1.60876	-5	0
1.60902	-5	0
1.60932	-5	0
1.60959	-5	0
1.60976	-5	0
1.61	-5	0
1.61021	-5	0
1.61123	-5	0
1.61148	-5	0
1.61177	-5	0
1.61202	-5	0
1.61233	-5	0
1.61263	-5	0
1.61296	-5	0
1.61317	-5	0
1.61419	-5	0
1.61457	-5	0
1.61489	-5	0
1.61519	-5	0
1.61546	-5	0
1.61574	-5	0
1.61607	-5	0
1.61636	-5	0
1.61729	-5	0
1.61759	-5	0
1.6179	-5	0
1.61806	-5	0
1.6183	-5	0
1.61843	-5	0
1.61875	-5	0
1.61918	-5	0
1.61998	-5	0
1.62025	-5	0
1.62053	-5	0
1.6208	-5	0
1.62108	-5	0
1.62142	-5	0
1.62174	-5	0
1.62212	-5	0
1.62272	-5	0
1.62292	-5	0
1.62315	-5	0
1.62344	-5	0
1.62377	-5	0
1.62405	-5	0
1.62433	-5	0
1.62523	-5	0
1.6255	-5	0
1.62574	-5	0
1.62601	-5	0
1.62628	-5	0
1.62659	-5	0
1.62687	-5	0
1.62773	-5	0
1.62825	-5	0
1.62847	-5	0
1.62873	-5	0
1.62907	-5	0
1.62934	-5	0
1.6297	-5	0
1.63001	-5	0
1.6308	-5	0
1.63114	-5	0
1.63141	-5	0
1.63169	-5	0
1.63197	-5	0
1.63226	-5	0
1.63261	-5	0
1.63327	-5	0
1.63392	-5	0
1.63406	-5	0
1.63432	-5	0
1.63481	-5	0
1.6349	-5	0
1.63522	-5	0
1.63551	-5	0
1.63629	-5	0
1.63663	-5	0
1.63689	-5	0
1.63715	-5	0
1.63738	-5	0
1.6377	-5	0
1.63806	-5	0
1.63854	-5	0
1.63917	-5	0
1.63943	-5	0
1.63963	-5	0
1.63979	-5	0
1.64008	-5	0
1.64038	-5	0
1.64072	-5	0
1.64177	-5	0
1.64204	-5	0
1.64232	-5	0
1.64264	-5	0
1.64286	-5	0
1.6431	-5	0
1.6434	-5	0
1.64386	-5	0
1.64476	-5	0
1.64498	-5	0
1.64528	-5	0
1.64557	-5	0
1.64589	-5	0
1.64621	-5	0
1.64646	-5	0
1.64742	-5	0
1.64766	-5	0
1.64796	-5	0
1.64827	-5	0
1.64854	-5	0
1.64881	-5	0
1.64913	-5	0
1.64942	-5	0
1.65029	-5	0
1.65056	-5	0
1.65084	-5	0
1.65111	-5	0
1.65122	-5	0
1.65147	-5	0
1.6517	-5	0
1.65206	-5	0
1.65276	-5	0
1.653	-5	0
1.65327	-5	0
1.65351	-5	0
1.65379	-5	0
1.6541	-5	0
1.65438	-5	0
1.65534	-5	0
1.65558	-5	0
1.65583	-5	0
1.65607	-5	0
1.6564	-5	0
1.65669	-5	0
1.65699	-5	0
1.65709	-5	0
1.65803	-5	0
1.65836	-5	0
1.65864	-5	0
1.65896	-5	0
1.65919	-5	0
1.65948	-5	0
1.65978	-5	0
1.66065	-5	0
1.66113	-5	0
1.66143	-5	0
1.66172	-5	0
1.66202	-5	0
1.66232	-5	0
1.66274	-5	0
1.66318	-5	0
1.66445	-5	0
1.66469	-5	0
1.66492	-5	0
1.66521	-5	0
1.66551	-5	0
1.66582	-5	0
1.66605	-5	0
1.66695	-5	0
1.66724	-5	0
1.66748	-5	0
1.66771	-5	0
1.66796	-5	0
1.66824	-5	0
1.66852	-5	0
1.66955	-5	0
1.66988	-5	0
1.67015	-5	0
1.67047	-5	0
1.6707	-5	0
1.67098	-5	0
1.67127	-5	0
1.67209	-5	0
1.6726	-5	0
1.67283	-5	0
1.67311	-5	0
1.67335	-5	0
1.67366	-5	0
1.67397	-5	0
1.67429	-5	0
1.67462	-5	0
1.67533	-5	0
1.67548	-5	0
1.67571	-5	0
1.67594	-5	0
1.6763	-5	0
1.67667	-5	0
1.67693	-5	0
1.6778	-5	0
1.67809	-5	0
1.67837	-5	0
1.67864	-5	0
1.67891	-5	0
1.67919	-5	0
1.67951	-5	0
1.68005	-5	0
1.68098	-5	0
1.68123	-5	0
1.68148	-5	0
1.68165	-5	0
1.68186	-5	0
1.68213	-5	0
1.6824	-5	0
1.68317	-5	0
1.68399	-5	0
1.6843	-5	0
1.68456	-5	0
1.68471	-5	0
1.68498	-5	0
1.68521	-5	0
1.6855	-5	0
1.68647	-5	0
1.68674	-5	0
1.68701	-5	0
1.68725	-5	0
1.68751	-5	0
1.68779	-5	0
1.68809	-5	0
1.68913	-5	0
1.68987	-5	0
1.6901	-5	0
1.69034	-5	0
1.69046	-5	0
1.6907	-5	0
1.69098	-5	0
1.69137	-5	0
1.69239	-5	0
1.69278	-5	0
1.69294	-5	0
1.6932	-5	0
1.6935	-5	0
1.69379	-5	0
1.69408	-5	0
1.69514	-5	0
1.6954	-5	0
1.69564	-5	0
1.69592	-5	0
1.69619	-5	0
1.69647	-5	0
1.6968	-5	0
1.69744	-5	0
1.6983	-5	0
1.6985	-5	0
1.69878	-5	0
1.69908	-5	0
1.69938	-5	0
1.69967	-5	0
1.69996	-5	0
1.701	-5	0
1.70115	-5	0
1.7014	-5	0
1.70164	-5	0
1.70191	-5	0
1.70221	-5	0
1.7025	-5	0
1.70378	-5	0
1.70423	-5	0
1.70438	-5	0
1.7046	-5	0
1.70492	-5	0
1.7052	-5	0
1.70548	-5	0
1.70592	-5	0
1.70663	-5	0
1.70686	-5	0
1.70718	-5	0
1.70741	-5	0
1.70779	-5	0
1.70809	-5	0
1.70827	-5	0
1.70929	-5	0
1.7096	-5	0
1.70983	-5	0
1.71024	-5	0
1.71039	-5	0
1.71065	-5	0
1.71094	-5	0
1.71162	-5	0
1.71248	-5	0
1.71266	-5	0
1.71293	-5	0
1.71321	-5	0
1.71349	-5	0
1.7138	-5	0
1.71406	-5	0
1.71461	-5	0
1.71535	-5	0
1.71555	-5	0
1.71578	-5	0
1.71607	-5	0
1.71639	-5	0
1.71668	-5	0
1.71695	-5	0
1.71785	-5	0
1.71812	-5	0
1.71841	-5	0
1.71872	-5	0
1.71899	-5	0
1.71925	-5	0
1.71958	-5	0
1.71991	-5	0
1.72075	-5	0
1.72105	-5	0
1.72124	-5	0
1.72145	-5	0
1.72174	-5	0
1.72202	-5	0
1.72231	-5	0
1.72293	-5	0
1.72364	-5	0
1.72396	-5	0
1.72426	-5	0
1.7246	-5	0
1.72479	-5	0
1.72498	-5	0
1.72522	-5	0
1.72578	-5	0
1.72643	-5	0
1.72673	-5	0
1.72702	-5	0
1.72728	-5	0
1.72759	-5	0
1.72788	-5	0
1.72818	-5	0
1.72865	-5	0
1.72924	-5	0
1.72948	-5	0
1.72964	-5	0
1.72987	-5	0
1.73007	-5	0
1.73039	-5	0
1.73068	-5	0
1.73165	-5	0
1.73192	-5	0
1.7322	-5	0
1.73248	-5	0
1.73276	-5	0
1.73301	-5	0
1.73332	-5	0
1.73384	-5	0
1.73468	-5	0
1.73497	-5	0
1.73514	-5	0
1.73529	-5	0
1.73552	-5	0
1.73576	-5	0
1.73606	-5	0
1.73666	-5	0
1.73724	-5	0
1.73752	-5	0
1.73784	-5	0
1.73811	-5	0
1.73838	-5	0
1.73864	-5	0
1.73888	-5	0
1.73937	-5	0
1.74003	-5	0
1.74034	-5	0
1.74059	-5	0
1.74088	-5	0
1.74117	-5	0
1.74137	-5	0
1.74157	-5	0
1.7419	-5	0
1.74262	-5	0
1.7428	-5	0
1.74308	-5	0
1.74335	-5	0
1.7436	-5	0
1.74392	-5	0
1.74422	-5	0
1.74516	-5	0
1.74541	-5	0
1.7457	-5	0
1.74595	-5	0
1.74626	-5	0
1.74656	-5	0
1.74685	-5	0
1.74698	-5	0
1.74808	-5	0
1.74863	-5	0
1.74883	-5	0
1.74906	-5	0
1.74937	-5	0
1.74965	-5	0
1.74994	-5	0
1.75046	-5	0
1.75112	-5	0
1.7514	-5	0
1.75168	-5	0
1.75192	-5	0
1.75228	-5	0
1.75267	-5	0
1.75291	-5	0
1.7538	-5	0
1.75412	-5	0
1.7544	-5	0
1.75468	-5	0
1.75495	-5	0
1.75522	-5	0
1.75553	-5	0
1.75599	-5	0
1.75697	-5	0
1.75724	-5	0
1.75749	-5	0
1.75766	-5	0
1.75789	-5	0
1.75819	-5	0
1.75851	-5	0
1.75934	-5	0
1.75981	-5	0
1.76008	-5	0
1.76027	-5	0
1.76058	-5	0
1.7608	-5	0
1.76112	-5	0
1.76147	-5	0
1.76234	-5	0
1.76258	-5	0
1.76286	-5	0
1.76313	-5	0
1.76347	-5	0
1.76376	-5	0
1.7641	-5	0
1.76447	-5	0
1.76533	-5	0
1.76548	-5	0
1.76579	-5	0
1.76605	-5	0
1.76635	-5	0
1.76666	-5	0
1.76697	-5	0
1.76792	-5	0
1.76816	-5	0
1.76846	-5	0
1.76877	-5	0
1.76909	-5	0
1.76941	-5	0
1.76974	-5	0
1.77008	-5	0
1.77093	-5	0
1.77128	-5	0
1.77143	-5	0
1.77164	-5	0
1.77192	-5	0
1.77219	-5	0
1.77246	-5	0
1.77283	-5	0
1.77367	-5	0
1.77394	-5	0
1.77421	-5	0
1.77449	-5	0
1.77468	-5	0
1.775	-5	0
1.77525	-5	0
1.77569	-5	0
1.77642	-5	0
1.7766	-5	0
1.77687	-5	0
1.77717	-5	0
1.77748	-5	0
1.77782	-5	0
1.77807	-5	0
1.77913	-5	0
1.77939	-5	0
1.77963	-5	0
1.77988	-5	0
1.78021	-5	0
1.78051	-5	0
1.7808	-5	0
1.781	-5	0
1.7819	-5	0
1.78218	-5	0
1.78246	-5	0
1.78274	-5	0
1.78306	-5	0
1.78331	-5	0
1.78365	-5	0
1.78395	-5	0
1.78479	-5	0
1.78506	-5	0
1.78536	-5	0
1.78554	-5	0
1.78583	-5	0
1.78615	-5	0
1.78646	-5	0
1.78709	-5	0
1.78763	-5	0
1.78792	-5	0
1.78817	-5	0
1.78845	-5	0
1.78879	-5	0
1.78908	-5	0
1.78939	-5	0
1.78981	-5	0
1.79067	-5	0
1.79084	-5	0
1.79115	-5	0
1.79133	-5	0
1.7916	-5	0
1.79184	-5	0
1.79212	-5	0
1.79314	-5	0
1.79347	-5	0
1.79374	-5	0
1.79407	-5	0
1.79441	-5	0
1.79459	-5	0
1.79488	-5	0
1.79559	-5	0
1.79627	-5	0
1.79645	-5	0
1.7967	-5	0
1.79683	-5	0
1.79711	-5	0
1.79737	-5	0
1.79761	-5	0
1.79843	-5	0
1.79866	-5	0
1.79894	-5	0
1.79922	-5	0
1.79946	-5	0
1.79977	-5	0
1.80006	-5	0
1.80114	-5	0
1.80136	-5	0
1.80159	-5	0
1.80187	-5	0
1.80216	-5	0
1.80244	-5	0
1.80272	-5	0
1.80372	-5	0
1.80418	-5	0
1.80447	-5	0
1.80476	-5	0
1.80507	-5	0
1.80538	-5	0
1.80571	-5	0
1.80624	-5	0
1.80687	-5	0
1.80715	-5	0
1.80745	-5	0
1.8077	-5	0
1.80799	-5	0
1.80813	-5	0
1.80839	-5	0
1.80879	-5	0
1.80971	-5	0
1.80993	-5	0
1.81019	-5	0
1.81049	-5	0
1.81079	-5	0
1.81113	-5	0
1.81144	-5	0
1.81245	-5	0
1.8127	-5	0
1.81299	-5	0
1.81328	-5	0
1.81356	-5	0
1.81384	-5	0
1.81415	-5	0
1.81448	-5	0
1.81544	-5	0
1.81569	-5	0
1.81586	-5	0
1.81603	-5	0
1.81627	-5	0
1.81655	-5	0
1.81684	-5	0
1.81753	-5	0
1.81801	-5	0
1.81827	-5	0
1.81857	-5	0
1.81885	-5	0
1.81914	-5	0
1.81944	-5	0
1.81978	-5	0
1.82063	-5	0
1.82096	-5	0
1.82124	-5	0
1.82151	-5	0
1.82178	-5	0
1.82212	-5	0
1.82227	-5	0
1.8225	-5	0
1.82352	-5	0
1.82379	-5	0
1.82406	-5	0
1.82435	-5	0
1.82466	-5	0
1.82493	-5	0
1.82521	-5	0
1.82555	-5	0
1.82655	-5	0
1.82686	-5	0
1.82704	-5	0
1.82729	-5	0
1.82741	-5	0
1.8277	-5	0
1.82799	-5	0
1.82864	-5	0
1.82918	-5	0
1.8295	-5	0
1.82977	-5	0
1.83008	-5	0
1.83035	-5	0
1.8306	-5	0
1.83085	-5	0
1.8315	-5	0
1.83211	-5	0
1.83231	-5	0
1.83259	-5	0
1.83289	-5	0
1.83317	-5	0
1.83353	-5	0
1.83377	-5	0
1.83467	-5	0
1.83495	-5	0
1.8352	-5	0
1.83542	-5	0
1.83568	-5	0
1.83596	-5	0
1.83624	-5	0
1.83728	-5	0
1.8376	-5	0
1.83787	-5	0
1.83819	-5	0
1.83843	-5	0
1.83871	-5	0
1.83906	-5	0
1.83984	-5	0
1.84026	-5	0
1.84052	-5	0
1.84078	-5	0
1.84104	-5	0
1.84132	-5	0
1.84159	-5	0
1.84191	-5	0
1.84234	-5	0
1.84306	-5	0
1.84323	-5	0
1.84353	-5	0
1.84382	-5	0
1.8441	-5	0
1.84439	-5	0
1.84472	-5	0
1.84551	-5	0
1.84578	-5	0
1.84607	-5	0
1.84632	-5	0
1.84649	-5	0
1.84671	-5	0
1.84691	-5	0
1.8472	-5	0
1.84824	-5	0
1.84853	-5	0
1.8488	-5	0
1.84907	-5	0
1.84935	-5	0
1.84967	-5	0
1.84996	-5	0
1.85101	-5	0
1.85123	-5	0
1.85151	-5	0
1.85178	-5	0
1.85207	-5	0
1.85235	-5	0
1.8526	-5	0
1.85362	-5	0
1.85392	-5	0
1.8542	-5	0
1.85446	-5	0
1.85474	-5	0
1.85503	-5	0
1.85539	-5	0
1.85608	-5	0
1.85681	-5	0
1.85711	-5	0
1.85738	-5	0
1.85764	-5	0
1.85783	-5	0
1.85812	-5	0
1.85838	-5	0
1.85925	-5	0
1.85951	-5	0
1.85979	-5	0
1.86008	-5	0
1.8603	-5	0
1.86051	-5	0
1.86077	-5	0
1.86105	-5	0
1.8621	-5	0
1.86235	-5	0
1.86258	-5	0
1.86282	-5	0
1.86307	-5	0
1.86336	-5	0
1.86371	-5	0
1.8646	-5	0
1.86504	-5	0
1.8652	-5	0
1.8654	-5	0
1.86568	-5	0
1.86596	-5	0
1.86629	-5	0
1.8668	-5	0
1.86743	-5	0
1.8677	-5	0
1.86795	-5	0
1.86824	-5	0
1.86854	-5	0
1.86888	-5	0
1.86916	-5	0
1.87004	-5	0
1.87029	-5	0
1.87054	-5	0
1.87084	-5	0
1.87109	-5	0
1.87123	-5	0
1.8715	-5	0
1.87175	-5	0
1.87279	-5	0
1.87312	-5	0
1.87333	-5	0
1.87357	-5	0
1.87388	-5	0
1.87413	-5	0
1.87447	-5	0
1.87511	-5	0
1.8758	-5	0
1.87606	-5	0
1.87633	-5	0
1.87662	-5	0
1.87688	-5	0
1.87716	-5	0
1.87749	-5	0
1.87822	-5	0
1.87854	-5	0
1.87885	-5	0
1.8791	-5	0
1.87919	-5	0
1.87946	-5	0
1.87974	-5	0
1.88001	-5	0
1.88092	-5	0
1.88122	-5	0
1.88147	-5	0
1.88177	-5	0
1.88204	-5	0
1.88236	-5	0
1.88271	-5	0
1.88301	-5	0
1.88393	-5	0
1.88427	-5	0
1.88443	-5	0
1.8847	-5	0
1.88493	-5	0
1.88521	-5	0
1.88548	-5	0
1.88635	-5	0
1.88697	-5	0
1.88714	-5	0
1.88743	-5	0
1.88772	-5	0
1.88801	-5	0
1.8883	-5	0
1.8886	-5	0
1.88936	-5	0
1.88961	-5	0
1.88986	-5	0
1.89015	-5	0
1.89033	-5	0
1.89049	-5	0
1.89082	-5	0
1.89111	-5	0
1.89209	-5	0
1.89239	-5	0
1.89269	-5	0
1.89294	-5	0
1.89326	-5	0
1.89356	-5	0
1.89385	-5	0
1.89402	-5	0
1.89492	-5	0
1.89524	-5	0
1.89552	-5	0
1.89584	-5	0
1.89608	-5	0
1.89636	-5	0
1.89662	-5	0
1.89749	-5	0
1.89785	-5	0
1.89804	-5	0
1.89831	-5	0
1.89855	-5	0
1.89883	-5	0
1.89914	-5	0
1.89961	-5	0
1.90061	-5	0
1.90081	-5	0
1.90108	-5	0
1.90137	-5	0
1.90168	-5	0
1.90199	-5	0
1.90227	-5	0
1.90332	-5	0
1.90355	-5	0
1.90383	-5	0
1.90411	-5	0
1.90439	-5	0
1.90468	-5	0
1.90496	-5	0
1.90587	-5	0
1.90637	-5	0
1.90665	-5	0
1.90691	-5	0
1.90724	-5	0
1.90754	-5	0
1.90776	-5	0
1.908	-5	0
1.90865	-5	0
1.90921	-5	0
1.90947	-5	0
1.90973	-5	0
1.91001	-5	0
1.91032	-5	0
1.91051	-5	0
1.91081	-5	0
1.91165	-5	0
1.91194	-5	0
1.9122	-5	0
1.91242	-5	0
1.91258	-5	0
1.91283	-5	0
1.91313	-5	0
1.9134	-5	0
1.91421	-5	0
1.91447	-5	0
1.91478	-5	0
1.91506	-5	0
1.91536	-5	0
1.9157	-5	0
1.91597	-5	0
1.91616	-5	0
1.91712	-5	0
1.91743	-5	0
1.91778	-5	0
1.91808	-5	0
1.91836	-5	0
1.91864	-5	0
1.91891	-5	0
1.91942	-5	0
1.92015	-5	0
1.92044	-5	0
1.92061	-5	0
1.92079	-5	0
1.92103	-5	0
1.92131	-5	0
1.92162	-5	0
1.92262	-5	0
1.923	-5	0
1.92326	-5	0
1.92354	-5	0
1.92382	-5	0
1.9241	-5	0
1.92443	-5	0
1.92514	-5	0
1.92569	-5	0
1.92586	-5	0
1.92616	-5	0
1.92644	-5	0
1.92671	-5	0
1.92706	-5	0
1.92731	-5	0
1.92809	-5	0
1.92837	-5	0
1.92863	-5	0
1.9289	-5	0
1.92907	-5	0
1.92919	-5	0
1.92952	-5	0
1.92981	-5	0
1.93077	-5	0
1.93103	-5	0
1.93128	-5	0
1.93159	-5	0
1.93191	-5	0
1.9322	-5	0
1.93253	-5	0
1.93274	-5	0
1.93367	-5	0
1.93397	-5	0
1.93424	-5	0
1.93452	-5	0
1.9348	-5	0
1.93509	-5	0
1.93543	-5	0
1.93605	-5	0
1.9366	-5	0
1.9369	-5	0
1.93717	-5	0
1.93745	-5	0
1.93774	-5	0
1.93807	-5	0
1.93837	-5	0
1.93877	-5	0
1.9394	-5	0
1.93957	-5	0
1.93983	-5	0
1.93995	-5	0
1.94024	-5	0
1.94057	-5	0
1.94091	-5	0
1.94205	-5	0
1.94233	-5	0
1.94261	-5	0
1.94293	-5	0
1.94316	-5	0
1.94344	-5	0
1.94374	-5	0
1.94451	-5	0
1.9453	-5	0
1.94548	-5	0
1.94579	-5	0
1.94606	-5	0
1.94635	-5	0
1.94665	-5	0
1.94697	-5	0
1.94753	-5	0
1.94811	-5	0
1.94835	-5	0
1.94856	-5	0
1.94882	-5	0
1.94912	-5	0
1.94952	-5	0
1.9497	-5	0
1.95061	-5	0
1.95091	-5	0
1.95121	-5	0
1.9516	-5	0
1.95181	-5	0
1.95208	-5	0
1.95241	-5	0
1.9529	-5	0
1.95361	-5	0
1.95385	-5	0
1.95412	-5	0
1.95441	-5	0
1.95468	-5	0
1.955	-5	0
1.95529	-5	0
1.95565	-5	0
1.95643	-5	0
1.9566	-5	0
1.95691	-5	0
1.9572	-5	0
1.95752	-5	0
1.9578	-5	0
1.95808	-5	0
1.95908	-5	0
1.95939	-5	0
1.95973	-5	0
1.96004	-5	0
1.96032	-5	0
1.96063	-5	0
1.96094	-5	0
1.96127	-5	0
1.96218	-5	0
1.96247	-5	0
1.96271	-5	0
1.96288	-5	0
1.9631	-5	0
1.96329	-5	0
1.96362	-5	0
1.96413	-5	0
1.96488	-5	0
1.96515	-5	0
1.96543	-5	0
1.96567	-5	0
1.96594	-5	0
1.96626	-5	0
1.96661	-5	0
1.96734	-5	0
1.96761	-5	0
1.96786	-5	0
1.9681	-5	0
1.96839	-5	0
1.96866	-5	0
1.96895	-5	0
1.96991	-5	0
1.9702	-5	0
1.97047	-5	0
1.9708	-5	0
1.9711	-5	0
1.97139	-5	0
1.97172	-5	0
1.97198	-5	0
1.97278	-5	0
1.97306	-5	0
1.97329	-5	0
1.97357	-5	0
1.97382	-5	0
1.97411	-5	0
1.97442	-5	0
1.97507	-5	0
1.97581	-5	0
1.97597	-5	0
1.97623	-5	0
1.97654	-5	0
1.97685	-5	0
1.97715	-5	0
1.97745	-5	0
1.97822	-5	0
1.9785	-5	0
1.9788	-5	0
1.97911	-5	0
1.97933	-5	0
1.97949	-5	0
1.97981	-5	0
1.98005	-5	0
1.98105	-5	0
1.98135	-5	0
1.9816	-5	0
1.98183	-5	0
1.98212	-5	0
1.98239	-5	0
1.98271	-5	0
1.98303	-5	0
1.98399	-5	0
1.98425	-5	0
1.98448	-5	0
1.98463	-5	0
1.98489	-5	0
1.98518	-5	0
1.9855	-5	0
1.98646	-5	0
1.98713	-5	0
1.98732	-5	0
1.98756	-5	0
1.98768	-5	0
1.98795	-5	0
1.98827	-5	0
1.98855	-5	0
1.98933	-5	0
1.98961	-5	0
1.98986	-5	0
1.99014	-5	0
1.99042	-5	0
1.99073	-5	0
1.99101	-5	0
1.99218	-5	0
1.99242	-5	0
1.9927	-5	0
1.99297	-5	0
1.99325	-5	0
1.99353	-5	0
1.9938	-5	0
1.9948	-5	0
1.99512	-5	0
1.99535	-5	0
1.99563	-5	0
1.99587	-5	0
1.99615	-5	0
1.99644	-5	0
1.99707	-5	0
1.9983	-5	0
1.99858	-5	0
1.99889	-5	0
1.99919	-5	0
1.99943	-5	0
1.99968	-5	0
1.99998	-5	0
2.0008	-5	0
2.00104	-5	0
2.00137	-5	0
2.00158	-5	0
2.00182	-5	0
2.00207	-5	0
2.0024	-5	0
2.00266	-5	0
2.00355	-5	0
2.00381	-5	0
2.00409	-5	0
2.00437	-5	0
2.00469	-5	0
2.00501	-5	0
2.00525	-5	0
2.00556	-5	0
2.00641	-5	0
2.00681	-5	0
2.00696	-5	0
2.00724	-5	0
2.00746	-5	0
2.00774	-5	0
2.00805	-5	0
2.0089	-5	0
2.00938	-5	0
2.00966	-5	0
2.00991	-5	0
2.01024	-5	0
2.01056	-5	0
2.01088	-5	0
2.0112	-5	0
2.0119	-5	0
2.01231	-5	0
2.01258	-5	0
2.01274	-5	0
2.01296	-5	0
2.01315	-5	0
2.01342	-5	0
2.0137	-5	0
2.01461	-5	0
2.01487	-5	0
2.01514	-5	0
2.01542	-5	0
2.01568	-5	0
2.01596	-5	0
2.01624	-5	0
2.01735	-5	0
2.01751	-5	0
2.01779	-5	0
2.01808	-5	0
2.01835	-5	0
2.01862	-5	0
2.01889	-5	0
2.01928	-5	0
2.02041	-5	0
2.02072	-5	0
2.02097	-5	0
2.02123	-5	0
2.02139	-5	0
2.02165	-5	0
2.02194	-5	0
2.02255	-5	0
2.02314	-5	0
2.02343	-5	0
2.02371	-5	0
2.02399	-5	0
2.02427	-5	0
2.02454	-5	0
2.02484	-5	0
2.02562	-5	0
2.02587	-5	0
2.02617	-5	0
2.02645	-5	0
2.02671	-5	0
2.02703	-5	0
2.02727	-5	0
2.02745	-5	0
2.02839	-5	0
2.02867	-5	0
2.02894	-5	0
2.02918	-5	0
2.02943	-5	0
2.02971	-5	0
2.03	-5	0
2.03109	-5	0
2.03143	-5	0
2.03171	-5	0
2.03203	-5	0
2.03226	-5	0
2.03254	-5	0
2.03283	-5	0
2.03377	-5	0
2.03415	-5	0
2.03438	-5	0
2.03465	-5	0
2.03495	-5	0
2.03521	-5	0
2.03548	-5	0
2.03579	-5	0
2.0366	-5	0
2.03687	-5	0
2.03715	-5	0
2.03742	-5	0
2.0377	-5	0
2.03799	-5	0
2.0382	-5	0
2.03851	-5	0
2.03928	-5	0
2.03959	-5	0
2.03988	-5	0
2.04018	-5	0
2.04055	-5	0
2.04088	-5	0
2.04104	-5	0
2.04207	-5	0
2.04232	-5	0
2.04259	-5	0
2.04283	-5	0
2.04309	-5	0
2.04337	-5	0
2.04371	-5	0
2.0446	-5	0
2.04523	-5	0
2.04543	-5	0
2.04566	-5	0
2.04596	-5	0
2.04626	-5	0
2.04657	-5	0
2.04687	-5	0
2.04768	-5	0
2.04794	-5	0
2.04823	-5	0
2.04852	-5	0
2.04883	-5	0
2.04918	-5	0
2.04945	-5	0
2.04978	-5	0
2.05064	-5	0
2.05085	-5	0
2.05113	-5	0
2.05138	-5	0
2.05164	-5	0
2.05193	-5	0
2.05221	-5	0
2.05324	-5	0
2.05363	-5	0
2.05392	-5	0
2.05421	-5	0
2.05452	-5	0
2.05483	-5	0
2.05516	-5	0
2.05577	-5	0
2.05641	-5	0
2.05672	-5	0
2.05699	-5	0
2.0573	-5	0
2.05762	-5	0
2.05795	-5	0
2.05824	-5	0
2.05857	-5	0
2.05932	-5	0
2.05949	-5	0
2.05981	-5	0
2.06011	-5	0
2.0604	-5	0
2.06071	-5	0
2.06103	-5	0
2.06172	-5	0
2.06222	-5	0
2.06246	-5	0
2.06263	-5	0
2.06287	-5	0
2.06299	-5	0
2.06329	-5	0
2.06372	-5	0
2.06485	-5	0
2.06505	-5	0
2.06528	-5	0
2.06549	-5	0
2.06577	-5	0
2.06606	-5	0
2.06635	-5	0
2.06697	-5	0
2.06763	-5	0
2.06793	-5	0
2.06824	-5	0
2.06852	-5	0
2.06882	-5	0
2.06911	-5	0
2.06921	-5	0
2.06957	-5	0
2.07036	-5	0
2.07059	-5	0
2.07091	-5	0
2.07108	-5	0
2.07144	-5	0
2.07179	-5	0
2.07197	-5	0
2.07299	-5	0
2.07326	-5	0
2.07353	-5	0
2.07382	-5	0
2.07409	-5	0
2.07436	-5	0
2.07471	-5	0
2.07502	-5	0
2.07597	-5	0
2.07628	-5	0
2.07652	-5	0
2.07669	-5	0
2.07692	-5	0
2.07711	-5	0
2.07743	-5	0
2.07796	-5	0
2.07864	-5	0
2.07888	-5	0
2.07916	-5	0
2.07942	-5	0
2.07976	-5	0
2.08006	-5	0
2.08035	-5	0
2.08072	-5	0
2.08138	-5	0
2.08156	-5	0
2.08177	-5	0
2.08196	-5	0
2.08225	-5	0
2.08256	-5	0
2.08288	-5	0
2.08374	-5	0
2.08398	-5	0
2.08428	-5	0
2.08452	-5	0
2.08483	-5	0
2.08501	-5	0
2.08533	-5	0
2.08562	-5	0
2.08651	-5	0
2.08698	-5	0
2.08724	-5	0
2.08754	-5	0
2.0878	-5	0
2.08803	-5	0
2.08836	-5	0
2.08872	-5	0
2.08958	-5	0
2.08983	-5	0
2.09013	-5	0
2.09042	-5	0
2.09058	-5	0
2.09087	-5	0
2.09123	-5	0
2.09162	-5	0
2.09246	-5	0
2.09274	-5	0
2.093	-5	0
2.09328	-5	0
2.09354	-5	0
2.09373	-5	0
2.09404	-5	0
2.09435	-5	0
2.09528	-5	0
2.09554	-5	0
2.09584	-5	0
2.09614	-5	0
2.0964	-5	0
2.09668	-5	0
2.097	-5	0
2.09739	-5	0
2.09848	-5	0
2.09876	-5	0
2.09905	-5	0
2.09922	-5	0
2.09947	-5	0
2.09959	-5	0
2.09987	-5	0
2.10048	-5	0
2.10113	-5	0
2.10131	-5	0
2.10157	-5	0
2.10188	-5	0
2.10219	-5	0
2.10251	-5	0
2.10275	-5	0
2.10377	-5	0
2.10404	-5	0
2.10431	-5	0
2.10458	-5	0
2.10486	-5	0
2.10516	-5	0
2.10546	-5	0
2.10627	-5	0
2.10676	-5	0
2.10701	-5	0
2.10725	-5	0
2.10754	-5	0
2.10784	-5	0
2.10806	-5	0
2.10822	-5	0
2.10865	-5	0
2.10943	-5	0
2.10974	-5	0
2.10998	-5	0
2.11028	-5	0
2.11061	-5	0
2.11088	-5	0
2.11117	-5	0
2.11206	-5	0
2.1123	-5	0
2.11258	-5	0
2.11283	-5	0
2.1131	-5	0
2.11338	-5	0
2.11366	-5	0
2.11484	-5	0
2.11519	-5	0
2.11542	-5	0
2.11571	-5	0
2.11599	-5	0
2.11628	-5	0
2.11661	-5	0
2.11737	-5	0
2.11793	-5	0
2.11823	-5	0
2.1185	-5	0
2.11877	-5	0
2.11906	-5	0
2.11939	-5	0
2.11967	-5	0
2.12027	-5	0
2.12069	-5	0
2.121	-5	0
2.12126	-5	0
2.12142	-5	0
2.12164	-5	0
2.12195	-5	0
2.12224	-5	0
2.12304	-5	0
2.12336	-5	0
2.12364	-5	0
2.12393	-5	0
2.12421	-5	0
2.12451	-5	0
2.1248	-5	0
2.12491	-5	0
2.1259	-5	0
2.12616	-5	0
2.12644	-5	0
2.12673	-5	0
2.12697	-5	0
2.12727	-5	0
2.1276	-5	0
2.12837	-5	0
2.12903	-5	0
2.12929	-5	0
2.12954	-5	0
2.12983	-5	0
2.13003	-5	0
2.13021	-5	0
2.13045	-5	0
2.1312	-5	0
2.13171	-5	0
2.13186	-5	0
2.13213	-5	0
2.13237	-5	0
2.13265	-5	0
2.13293	-5	0
2.13333	-5	0
2.13406	-5	0
2.13446	-5	0
2.13472	-5	0
2.13489	-5	0
2.13527	-5	0
2.13558	-5	0
2.13577	-5	0
2.13681	-5	0
2.13708	-5	0
2.13736	-5	0
2.13764	-5	0
2.13796	-5	0
2.13823	-5	0
2.13852	-5	0
2.13883	-5	0
2.14002	-5	0
2.14021	-5	0
2.14051	-5	0
2.14077	-5	0
2.141	-5	0
2.14119	-5	0
2.14146	-5	0
2.14186	-5	0
2.14259	-5	0
2.14291	-5	0
2.14315	-5	0
2.14343	-5	0
2.14371	-5	0
2.14401	-5	0
2.14429	-5	0
2.14521	-5	0
2.14546	-5	0
2.14574	-5	0
2.14605	-5	0
2.14629	-5	0
2.14652	-5	0
2.14679	-5	0
2.14753	-5	0
2.14807	-5	0
2.14832	-5	0
2.14862	-5	0
2.14893	-5	0
2.1492	-5	0
2.14953	-5	0
2.14977	-5	0
2.15064	-5	0
2.15089	-5	0
2.15112	-5	0
2.15142	-5	0
2.1517	-5	0
2.152	-5	0
2.15234	-5	0
2.15262	-5	0
2.15343	-5	0
2.15369	-5	0
2.15396	-5	0
2.15422	-5	0
2.15447	-5	0
2.15473	-5	0
2.15501	-5	0
2.15532	-5	0
2.15623	-5	0
2.1565	-5	0
2.1568	-5	0
2.1571	-5	0
2.15737	-5	0
2.15762	-5	0
2.15796	-5	0
2.15824	-5	0
2.15919	-5	0
2.15948	-5	0
2.15972	-5	0
2.15986	-5	0
2.16013	-5	0
2.16039	-5	0
2.16071	-5	0
2.16129	-5	0
2.16184	-5	0
2.16212	-5	0
2.16242	-5	0
2.16267	-5	0
2.16296	-5	0
2.16322	-5	0
2.1635	-5	0
2.16379	-5	0
2.16457	-5	0
2.16487	-5	0
2.16519	-5	0
2.16548	-5	0
2.1658	-5	0
2.16608	-5	0
2.1664	-5	0
2.16734	-5	0
2.16762	-5	0
2.16788	-5	0
2.16814	-5	0
2.16844	-5	0
2.16874	-5	0
2.16906	-5	0
2.16928	-5	0
2.17028	-5	0
2.17085	-5	0
2.17105	-5	0
2.17117	-5	0
2.17145	-5	0
2.17169	-5	0
2.17201	-5	0
2.17258	-5	0
2.17317	-5	0
2.17357	-5	0
2.17384	-5	0
2.17415	-5	0
2.17445	-5	0
2.17476	-5	0
2.17503	-5	0
2.1759	-5	0
2.17628	-5	0
2.17654	-5	0
2.17679	-5	0
2.17704	-5	0
2.17714	-5	0
2.17743	-5	0
2.17764	-5	0
2.17877	-5	0
2.17893	-5	0
2.17921	-5	0
2.1795	-5	0
2.17976	-5	0
2.18003	-5	0
2.18032	-5	0
2.18065	-5	0
2.18184	-5	0
2.18217	-5	0
2.18234	-5	0
2.18274	-5	0
2.18294	-5	0
2.18318	-5	0
2.18351	-5	0
2.1842	-5	0
2.18477	-5	0
2.18493	-5	0
2.18524	-5	0
2.18555	-5	0
2.18585	-5	0
2.18613	-5	0
2.18648	-5	0
2.18718	-5	0
2.18746	-5	0
2.18774	-5	0
2.18798	-5	0
2.18827	-5	0
2.18859	-5	0
2.18889	-5	0
2.18976	-5	0
2.19004	-5	0
2.19033	-5	0
2.1906	-5	0
2.19088	-5	0
2.19123	-5	0
2.19152	-5	0
2.19207	-5	0
2.19286	-5	0
2.19314	-5	0
2.19341	-5	0
2.19358	-5	0
2.19384	-5	0
2.19419	-5	0
2.19451	-5	0
2.19539	-5	0
2.19582	-5	0
2.19611	-5	0
2.19636	-5	0
2.19664	-5	0
2.19693	-5	0
2.19713	-5	0
2.19739	-5	0
2.19788	-5	0
2.19866	-5	0
2.19883	-5	0
2.19909	-5	0
2.1994	-5	0
2.19971	-5	0
2.20002	-5	0
2.20031	-5	0
2.20107	-5	0
2.20134	-5	0
2.20163	-5	0
2.20193	-5	0
2.20212	-5	0
2.20232	-5	0
2.2026	-5	0
2.20289	-5	0
2.20377	-5	0
2.20402	-5	0
2.20426	-5	0
2.2045	-5	0
2.20473	-5	0
2.20503	-5	0
2.20531	-5	0
2.20641	-5	0
2.20658	-5	0
2.20686	-5	0
2.20715	-5	0
2.20742	-5	0
2.20769	-5	0
2.20795	-5	0
2.2083	-5	0
2.20935	-5	0
2.20965	-5	0
2.20981	-5	0
2.21003	-5	0
2.21025	-5	0
2.21051	-5	0
2.2108	-5	0
2.21143	-5	0
2.21203	-5	0
2.21226	-5	0
2.21251	-5	0
2.21277	-5	0
2.21308	-5	0
2.21335	-5	0
2.2137	-5	0
2.21432	-5	0
2.215	-5	0
2.21532	-5	0
2.21562	-5	0
2.21585	-5	0
2.216	-5	0
2.21629	-5	0
2.21656	-5	0
2.21754	-5	0
2.21789	-5	0
2.21819	-5	0
2.21858	-5	0
2.21876	-5	0
2.2191	-5	0
2.21942	-5	0
2.21982	-5	0
2.22067	-5	0
2.22094	-5	0
2.22119	-5	0
2.22139	-5	0
2.22158	-5	0
2.22178	-5	0
2.22207	-5	0
2.22269	-5	0
2.22332	-5	0
2.22358	-5	0
2.22374	-5	0
2.22395	-5	0
2.22423	-5	0
2.22454	-5	0
2.22482	-5	0
2.22575	-5	0
2.22601	-5	0
2.22641	-5	0
2.22671	-5	0
2.22701	-5	0
2.22734	-5	0
2.22768	-5	0
2.22864	-5	0
2.22891	-5	0
2.2292	-5	0
2.22951	-5	0
2.22978	-5	0
2.23005	-5	0
2.23037	-5	0
2.23095	-5	0
2.23161	-5	0
2.23181	-5	0
2.23204	-5	0
2.23234	-5	0
2.23263	-5	0
2.23291	-5	0
2.23319	-5	0
2.23406	-5	0
2.23432	-5	0
2.23459	-5	0
2.23487	-5	0
2.23514	-5	0
2.23547	-5	0
2.23574	-5	0
2.23628	-5	0
2.237	-5	0
2.23725	-5	0
2.23743	-5	0
2.23762	-5	0
2.23786	-5	0
2.23814	-5	0
2.23847	-5	0
2.23963	-5	0
2.23995	-5	0
2.24018	-5	0
2.2405	-5	0
2.24074	-5	0
2.241	-5	0
2.24128	-5	0
2.24187	-5	0
2.24249	-5	0
2.24266	-5	0
2.24291	-5	0
2.24319	-5	0
2.24348	-5	0
2.2438	-5	0
2.24409	-5	0
2.24488	-5	0
2.24514	-5	0
2.24539	-5	0
2.24569	-5	0
2.246	-5	0
2.24633	-5	0
2.24667	-5	0
2.24703	-5	0
2.24803	-5	0
2.24832	-5	0
2.24849	-5	0
2.24869	-5	0
2.24889	-5	0
2.24917	-5	0
2.24946	-5	0
2.25016	-5	0
2.25092	-5	0
2.25123	-5	0
2.25147	-5	0
2.25164	-5	0
2.25187	-5	0
2.25211	-5	0
2.25234	-5	0
2.25328	-5	0
2.25354	-5	0
2.25381	-5	0
2.25409	-5	0
2.25434	-5	0
2.25468	-5	0
2.25495	-5	0
2.25552	-5	0
2.25638	-5	0
2.25665	-5	0
2.25689	-5	0
2.25702	-5	0
2.25723	-5	0
2.25751	-5	0
2.25779	-5	0
2.25859	-5	0
2.25903	-5	0
2.25933	-5	0
2.25957	-5	0
2.25988	-5	0
2.26014	-5	0
2.26041	-5	0
2.26072	-5	0
2.26105	-5	0
2.2618	-5	0
2.26196	-5	0
2.26216	-5	0
2.26245	-5	0
2.26274	-5	0
2.26303	-5	0
2.2633	-5	0
2.26407	-5	0
2.26433	-5	0
2.26462	-5	0
2.26491	-5	0
2.26516	-5	0
2.26525	-5	0
2.26557	-5	0
2.26583	-5	0
2.26677	-5	0
2.26703	-5	0
2.2673	-5	0
2.26756	-5	0
2.26782	-5	0
2.26813	-5	0
2.26841	-5	0
2.26946	-5	0
2.26992	-5	0
2.27021	-5	0
2.27061	-5	0
2.27081	-5	0
2.27107	-5	0
2.2714	-5	0
2.27186	-5	0
2.27259	-5	0
2.2729	-5	0
2.27317	-5	0
2.27344	-5	0
2.27376	-5	0
2.27405	-5	0
2.27436	-5	0
2.27493	-5	0
2.27571	-5	0
2.27598	-5	0
2.27624	-5	0
2.27641	-5	0
2.27663	-5	0
2.27692	-5	0
2.27715	-5	0
2.27828	-5	0
2.27872	-5	0
2.27895	-5	0
2.27924	-5	0
2.27954	-5	0
2.27987	-5	0
2.28019	-5	0
2.28072	-5	0
2.28136	-5	0
2.28164	-5	0
2.2819	-5	0
2.28218	-5	0
2.28247	-5	0
2.28275	-5	0
2.28304	-5	0
2.28349	-5	0
2.28411	-5	0
2.28428	-5	0
2.28442	-5	0
2.2847	-5	0
2.28494	-5	0
2.28527	-5	0
2.28553	-5	0
2.28662	-5	0
2.28684	-5	0
2.28707	-5	0
2.28738	-5	0
2.28761	-5	0
2.28787	-5	0
2.28814	-5	0
2.28869	-5	0
2.28946	-5	0
2.28977	-5	0
2.29004	-5	0
2.29032	-5	0
2.29052	-5	0
2.29084	-5	0
2.29103	-5	0
2.29163	-5	0
2.29228	-5	0
2.29249	-5	0
2.29266	-5	0
2.29294	-5	0
2.29323	-5	0
2.29355	-5	0
2.29384	-5	0
2.29461	-5	0
2.29486	-5	0
2.29516	-5	0
2.29544	-5	0
2.2957	-5	0
2.29601	-5	0
2.29632	-5	0
2.29655	-5	0
2.29745	-5	0
2.29775	-5	0
2.29803	-5	0
2.29833	-5	0
2.29864	-5	0
2.29891	-5	0
2.29924	-5	0
2.29958	-5	0
2.30045	-5	0
2.30073	-5	0
2.30104	-5	0
2.3013	-5	0
2.30145	-5	0
2.30167	-5	0
2.30203	-5	0
2.30232	-5	0
2.30316	-5	0
2.30348	-5	0
2.30375	-5	0
2.30403	-5	0
2.30434	-5	0
2.3046	-5	0
2.30484	-5	0
2.30515	-5	0
2.30609	-5	0
2.3064	-5	0
2.3067	-5	0
2.30698	-5	0
2.30725	-5	0
2.30752	-5	0
2.30779	-5	0
2.30834	-5	0
2.30911	-5	0
2.3094	-5	0
2.30962	-5	0
2.30981	-5	0
2.31005	-5	0
2.3103	-5	0
2.31058	-5	0
2.31156	-5	0
2.3119	-5	0
2.31211	-5	0
2.31234	-5	0
2.31263	-5	0
2.3129	-5	0
2.31319	-5	0
2.31382	-5	0
2.31444	-5	0
2.31475	-5	0
2.31505	-5	0
2.31533	-5	0
2.31563	-5	0
2.31588	-5	0
2.31617	-5	0
2.31693	-5	0
2.31718	-5	0
2.31743	-5	0
2.31772	-5	0
2.318	-5	0
2.31831	-5	0
2.31849	-5	0
2.31868	-5	0
2.31962	-5	0
2.31987	-5	0
2.32011	-5	0
2.32043	-5	0
2.32074	-5	0
2.32103	-5	0
2.32135	-5	0
2.3216	-5	0
2.32252	-5	0
2.32276	-5	0
2.32297	-5	0
2.32321	-5	0
2.32351	-5	0
2.32379	-5	0
2.32408	-5	0
2.32481	-5	0
2.32536	-5	0
2.32549	-5	0
2.32576	-5	0
2.32606	-5	0
2.32639	-5	0
2.32671	-5	0
2.32706	-5	0
2.32793	-5	0
2.32822	-5	0
2.32851	-5	0
2.32875	-5	0
2.32904	-5	0
2.32922	-5	0
2.32951	-5	0
2.32998	-5	0
2.33111	-5	0
2.33177	-5	0
2.33193	-5	0
2.3322	-5	0
2.33247	-5	0
2.33274	-5	0
2.333	-5	0
2.33392	-5	0
2.33427	-5	0
2.33457	-5	0
2.33483	-5	0
2.3351	-5	0
2.33537	-5	0
2.33573	-5	0
2.33609	-5	0
2.33687	-5	0
2.33723	-5	0
2.3375	-5	0
2.33774	-5	0
2.33788	-5	0
2.33809	-5	0
2.33839	-5	0
2.33882	-5	0
2.33992	-5	0
2.34024	-5	0
2.3405	-5	0
2.34077	-5	0
2.34102	-5	0
2.34129	-5	0
2.34158	-5	0
2.34188	-5	0
2.34284	-5	0
2.34309	-5	0
2.34341	-5	0
2.34365	-5	0
2.34376	-5	0
2.34404	-5	0
2.34449	-5	0
2.34496	-5	0
2.34581	-5	0
2.34608	-5	0
2.34632	-5	0
2.34659	-5	0
2.34687	-5	0
2.34714	-5	0
2.34745	-5	0
2.34805	-5	0
2.34895	-5	0
2.34925	-5	0
2.34946	-5	0
2.34976	-5	0
2.35004	-5	0
2.3504	-5	0
2.35054	-5	0
2.35136	-5	0
2.35207	-5	0
2.35233	-5	0
2.35255	-5	0
2.35278	-5	0
2.35311	-5	0
2.35339	-5	0
2.35367	-5	0
2.35492	-5	0
2.35526	-5	0
2.35552	-5	0
2.35564	-5	0
2.3559	-5	0
2.35618	-5	0
2.35648	-5	0
2.35724	-5	0
2.35778	-5	0
2.35793	-5	0
2.35817	-5	0
2.35846	-5	0
2.35878	-5	0
2.35907	-5	0
2.35938	-5	0
2.36013	-5	0
2.36039	-5	0
2.36065	-5	0
2.36093	-5	0
2.36115	-5	0
2.36135	-5	0
2.36163	-5	0
2.36192	-5	0
2.363	-5	0
2.36331	-5	0
2.36355	-5	0
2.36381	-5	0
2.36411	-5	0
2.36442	-5	0
2.36475	-5	0
2.36512	-5	0
2.36607	-5	0
2.3664	-5	0
2.36656	-5	0
2.36677	-5	0
2.36707	-5	0
2.36734	-5	0
2.36763	-5	0
2.36829	-5	0
2.36894	-5	0
2.36927	-5	0
2.36957	-5	0
2.36985	-5	0
2.37017	-5	0
2.37051	-5	0
2.37078	-5	0
2.37154	-5	0
2.37179	-5	0
2.37204	-5	0
2.37233	-5	0
2.37247	-5	0
2.37272	-5	0
2.373	-5	0
2.3735	-5	0
2.37447	-5	0
2.37473	-5	0
2.37501	-5	0
2.37531	-5	0
2.37558	-5	0
2.37583	-5	0
2.37617	-5	0
2.37652	-5	0
2.37762	-5	0
2.37784	-5	0
2.3781	-5	0
2.37839	-5	0
2.37866	-5	0
2.37883	-5	0
2.37926	-5	0
2.37981	-5	0
2.38051	-5	0
2.38074	-5	0
2.38101	-5	0
2.38129	-5	0
2.38157	-5	0
2.38187	-5	0
2.38225	-5	0
2.3834	-5	0
2.38371	-5	0
2.38394	-5	0
2.38421	-5	0
2.38447	-5	0
2.38478	-5	0
2.38505	-5	0
2.38537	-5	0
2.386	-5	0
2.38666	-5	0
2.38696	-5	0
2.38713	-5	0
2.38743	-5	0
2.38776	-5	0
2.38815	-5	0
2.38848	-5	0
2.38955	-5	0
2.38978	-5	0
2.39003	-5	0
2.39033	-5	0
2.39062	-5	0
2.39086	-5	0
2.3912	-5	0
2.39153	-5	0
2.39251	-5	0
2.39306	-5	0
2.39334	-5	0
2.39353	-5	0
2.39365	-5	0
2.39393	-5	0
2.3942	-5	0
2.39446	-5	0
2.39525	-5	0
2.39551	-5	0
2.39584	-5	0
2.3961	-5	0
2.39644	-5	0
2.39683	-5	0
2.39715	-5	0
2.39745	-5	0
2.39827	-5	0
2.39844	-5	0
2.39868	-5	0
2.39895	-5	0
2.39928	-5	0
2.39974	-5	0
2.40022	-5	0
2.40117	-5	0
2.40133	-5	0
2.4016	-5	0
2.40188	-5	0
2.40217	-5	0
2.40244	-5	0
2.40273	-5	0
2.40308	-5	0
2.40397	-5	0
2.40424	-5	0
2.40455	-5	0
2.40481	-5	0
2.40501	-5	0
2.4053	-5	0
2.4056	-5	0
2.40616	-5	0
2.40683	-5	0
2.40711	-5	0
2.40738	-5	0
2.40766	-5	0
2.40797	-5	0
2.40819	-5	0
2.40846	-5	0
2.4088	-5	0
2.40961	-5	0
2.40988	-5	0
2.41014	-5	0
2.41039	-5	0
2.41071	-5	0
2.41107	-5	0
2.41137	-5	0
2.41157	-5	0
2.41284	-5	0
2.41312	-5	0
2.41342	-5	0
2.41356	-5	0
2.41379	-5	0
2.41407	-5	0
2.41436	-5	0
2.41511	-5	0
2.41567	-5	0
2.41589	-5	0
2.41617	-5	0
2.41647	-5	0
2.41679	-5	0
2.41706	-5	0
2.41736	-5	0
2.41817	-5	0
2.41843	-5	0
2.4187	-5	0
2.41898	-5	0
2.41925	-5	0
2.41958	-5	0
2.41984	-5	0
2.42047	-5	0
2.42134	-5	0
2.42158	-5	0
2.42183	-5	0
2.42195	-5	0
2.4222	-5	0
2.42242	-5	0
2.42272	-5	0
2.42373	-5	0
2.4241	-5	0
2.42438	-5	0
2.42463	-5	0
2.4249	-5	0
2.42519	-5	0
2.42548	-5	0
2.42565	-5	0
2.42628	-5	0
2.42676	-5	0
2.42699	-5	0
2.42732	-5	0
2.42761	-5	0
2.42794	-5	0
2.4284	-5	0
2.42872	-5	0
2.42964	-5	0
2.42991	-5	0
2.43016	-5	0
2.43045	-5	0
2.43074	-5	0
2.43088	-5	0
2.43113	-5	0
2.43138	-5	0
2.43265	-5	0
2.43289	-5	0
2.43312	-5	0
2.4335	-5	0
2.43369	-5	0
2.43393	-5	0
2.43426	-5	0
2.4352	-5	0
2.43554	-5	0
2.43583	-5	0
2.436	-5	0
2.43622	-5	0
2.43653	-5	0
2.4368	-5	0
2.43708	-5	0
2.43788	-5	0
2.43813	-5	0
2.43841	-5	0
2.43866	-5	0
2.43899	-5	0
2.43923	-5	0
2.43949	-5	0
2.4403	-5	0
2.44078	-5	0
2.44104	-5	0
2.44133	-5	0
2.44168	-5	0
2.44185	-5	0
2.44217	-5	0
2.44248	-5	0
2.4434	-5	0
2.44378	-5	0
2.44405	-5	0
2.44431	-5	0
2.44462	-5	0
2.44489	-5	0
2.44517	-5	0
2.44551	-5	0
2.44618	-5	0
2.44678	-5	0
2.44691	-5	0
2.44719	-5	0
2.44761	-5	0
2.44784	-5	0
2.44807	-5	0
2.44837	-5	0
2.44922	-5	0
2.44956	-5	0
2.44986	-5	0
2.45013	-5	0
2.45046	-5	0
2.45079	-5	0
2.45097	-5	0
2.45127	-5	0
2.45212	-5	0
2.4524	-5	0
2.45265	-5	0
2.45289	-5	0
2.45318	-5	0
2.45348	-5	0
2.45373	-5	0
2.45412	-5	0
2.455	-5	0
2.4553	-5	0
2.45556	-5	0
2.45585	-5	0
2.45617	-5	0
2.4564	-5	0
2.45668	-5	0
2.45732	-5	0
2.45825	-5	0
2.45842	-5	0
2.45872	-5	0
2.45899	-5	0
2.4593	-5	0
2.4596	-5	0
2.45992	-5	0
2.46067	-5	0
2.46145	-5	0
2.46177	-5	0
2.46202	-5	0
2.46227	-5	0
2.46245	-5	0
2.46268	-5	0
2.46296	-5	0
2.46398	-5	0
2.46427	-5	0
2.46453	-5	0
2.46478	-5	0
2.4651	-5	0
2.46539	-5	0
2.46571	-5	0
2.4659	-5	0
2.46664	-5	0
2.46713	-5	0
2.46732	-5	0
2.46753	-5	0
2.46779	-5	0
2.46807	-5	0
2.46836	-5	0
2.46898	-5	0
2.46988	-5	0
2.47017	-5	0
2.47034	-5	0
2.47055	-5	0
2.47075	-5	0
2.47108	-5	0
2.47139	-5	0
2.47244	-5	0
2.47276	-5	0
2.47303	-5	0
2.4733	-5	0
2.47357	-5	0
2.47384	-5	0
2.47415	-5	0
2.47448	-5	0
2.47559	-5	0
2.47591	-5	0
2.47618	-5	0
2.47634	-5	0
2.47655	-5	0
2.47675	-5	0
2.47718	-5	0
2.47773	-5	0
2.47842	-5	0
2.47857	-5	0
2.4788	-5	0
2.47907	-5	0
2.47936	-5	0
2.47965	-5	0
2.47994	-5	0
2.48115	-5	0
2.48153	-5	0
2.48177	-5	0
2.48209	-5	0
2.48232	-5	0
2.48261	-5	0
2.48289	-5	0
2.48375	-5	0
2.48419	-5	0
2.48449	-5	0
2.48477	-5	0
2.48506	-5	0
2.48531	-5	0
2.48569	-5	0
2.48605	-5	0
2.48698	-5	0
2.48738	-5	0
2.48764	-5	0
2.48788	-5	0
2.48816	-5	0
2.48831	-5	0
2.48856	-5	0
2.48881	-5	0
2.48993	-5	0
2.49019	-5	0
2.49047	-5	0
2.49077	-5	0
2.49104	-5	0
2.49137	-5	0
2.49167	-5	0
2.49198	-5	0
2.49312	-5	0
2.49344	-5	0
2.49371	-5	0
2.49395	-5	0
2.49409	-5	0
2.49435	-5	0
2.4946	-5	0
2.495	-5	0
2.496	-5	0
2.49631	-5	0
2.49648	-5	0
2.49674	-5	0
2.49705	-5	0
2.49736	-5	0
2.49765	-5	0
2.49872	-5	0
2.49904	-5	0
2.49934	-5	0
2.49962	-5	0
2.49995	-5	0
2.50027	-5	0
2.50059	-5	0
2.5008	-5	0
2.50163	-5	0
2.50201	-5	0
2.50227	-5	0
2.50253	-5	0
2.50283	-5	0
2.50315	-5	0
2.50348	-5	0
2.50382	-5	0
2.50436	-5	0
2.5049	-5	0
2.50506	-5	0
2.50537	-5	0
2.50564	-5	0
2.50592	-5	0
2.50633	-5	0
2.50667	-5	0
2.50765	-5	0
2.50793	-5	0
2.50826	-5	0
2.5085	-5	0
2.50879	-5	0
2.50908	-5	0
2.5092	-5	0
2.50961	-5	0
2.51064	-5	0
2.51103	-5	0
2.5112	-5	0
2.51145	-5	0
2.51157	-5	0
2.51185	-5	0
2.51219	-5	0
2.51285	-5	0
2.51367	-5	0
2.51397	-5	0
2.51415	-5	0
2.51436	-5	0
2.51456	-5	0
2.51483	-5	0
2.51507	-5	0
2.51618	-5	0
2.5164	-5	0
2.51667	-5	0
2.51699	-5	0
2.51724	-5	0
2.51752	-5	0
2.51781	-5	0
2.51902	-5	0
2.51949	-5	0
2.51979	-5	0
2.52009	-5	0
2.52039	-5	0
2.52069	-5	0
2.52098	-5	0
2.5213	-5	0
2.52233	-5	0
2.52263	-5	0
2.52279	-5	0
2.523	-5	0
2.5232	-5	0
2.52349	-5	0
2.52381	-5	0
2.5243	-5	0
2.52495	-5	0
2.52523	-5	0
2.52555	-5	0
2.52582	-5	0
2.52612	-5	0
2.52633	-5	0
2.52662	-5	0
2.52705	-5	0
2.52777	-5	0
2.52807	-5	0
2.52836	-5	0
2.52865	-5	0
2.52894	-5	0
2.52927	-5	0
2.52957	-5	0
2.53014	-5	0
2.53072	-5	0
2.53096	-5	0
2.53109	-5	0
2.53132	-5	0
2.53157	-5	0
2.53187	-5	0
2.53216	-5	0
2.53322	-5	0
2.53349	-5	0
2.53376	-5	0
2.53406	-5	0
2.53433	-5	0
2.53464	-5	0
2.53489	-5	0
2.53528	-5	0
2.53646	-5	0
2.53677	-5	0
2.53704	-5	0
2.53721	-5	0
2.53738	-5	0
2.53762	-5	0
2.53796	-5	0
2.5385	-5	0
2.53921	-5	0
2.53948	-5	0
2.53979	-5	0
2.54007	-5	0
2.54041	-5	0
2.54081	-5	0
2.54094	-5	0
2.5421	-5	0
2.54231	-5	0
2.5426	-5	0
2.5429	-5	0
2.54314	-5	0
2.54345	-5	0
2.54375	-5	0
2.54411	-5	0
2.54523	-5	0
2.54549	-5	0
2.54577	-5	0
2.54594	-5	0
2.54615	-5	0
2.54635	-5	0
2.54679	-5	0
2.54716	-5	0
2.548	-5	0
2.54819	-5	0
2.54839	-5	0
2.54867	-5	0
2.54894	-5	0
2.54923	-5	0
2.54955	-5	0
2.55058	-5	0
2.55087	-5	0
2.55113	-5	0
2.55141	-5	0
2.5517	-5	0
2.55214	-5	0
2.55246	-5	0
2.55315	-5	0
2.5538	-5	0
2.55406	-5	0
2.55433	-5	0
2.55467	-5	0
2.55497	-5	0
2.55518	-5	0
2.55544	-5	0
2.55608	-5	0
2.55661	-5	0
2.55688	-5	0
2.55716	-5	0
2.55748	-5	0
2.5578	-5	0
2.55814	-5	0
2.55854	-5	0
2.55918	-5	0
2.55966	-5	0
2.5599	-5	0
2.56013	-5	0
2.56044	-5	0
2.56075	-5	0
2.56106	-5	0
2.56141	-5	0
2.56223	-5	0
2.56254	-5	0
2.56286	-5	0
2.56313	-5	0
2.56343	-5	0
2.56369	-5	0
2.56396	-5	0
2.5642	-5	0
2.56514	-5	0
2.56543	-5	0
2.56572	-5	0
2.56599	-5	0
2.56627	-5	0
2.56661	-5	0
2.56695	-5	0
2.56763	-5	0
2.56824	-5	0
2.56852	-5	0
2.56876	-5	0
2.56904	-5	0
2.56934	-5	0
2.56956	-5	0
2.56975	-5	0
2.57043	-5	0
2.57117	-5	0
2.57149	-5	0
2.57175	-5	0
2.57189	-5	0
2.57216	-5	0
2.5724	-5	0
2.5727	-5	0
2.57379	-5	0
2.57405	-5	0
2.57432	-5	0
2.5746	-5	0
2.57492	-5	0
2.57519	-5	0
2.57547	-5	0
2.57617	-5	0
2.57675	-5	0
2.57701	-5	0
2.57731	-5	0
2.57761	-5	0
2.57779	-5	0
2.57808	-5	0
2.57898	-5	0
2.57928	-5	0
2.5796	-5	0
2.5799	-5	0
2.58017	-5	0
2.58047	-5	0
2.5808	-5	0
2.58109	-5	0
2.58199	-5	0
2.58244	-5	0
2.58276	-5	0
2.58309	-5	0
2.58341	-5	0
2.58372	-5	0
2.58415	-5	0
2.58486	-5	0
2.5852	-5	0
2.58548	-5	0
2.58576	-5	0
2.58608	-5	0
2.58636	-5	0
2.5867	-5	0
2.58748	-5	0
2.5878	-5	0
2.58812	-5	0
2.58846	-5	0
2.58875	-5	0
2.58903	-5	0
2.58933	-5	0
2.59011	-5	0
2.5904	-5	0
2.59073	-5	0
2.59101	-5	0
2.59133	-5	0
2.5916	-5	0
2.59187	-5	0
2.59273	-5	0
2.59303	-5	0
2.59333	-5	0
2.59358	-5	0
2.59386	-5	0
2.59416	-5	0
2.59445	-5	0
2.59536	-5	0
2.59572	-5	0
2.59604	-5	0
2.59636	-5	0
2.59668	-5	0
2.597	-5	0
2.59755	-5	0
2.59818	-5	0
2.59848	-5	0
2.59879	-5	0
2.59911	-5	0
2.59939	-5	0
2.59973	-5	0
2.6	-5	0
2.60043	-5	0
2.60116	-5	0
2.60148	-5	0
2.6018	-5	0
2.60208	-5	0
2.60236	-5	0
2.60265	-5	0
2.60298	-5	0
2.6038	-5	0
2.60412	-5	0
2.60445	-5	0
2.60478	-5	0
2.60511	-5	0
2.60547	-5	0
2.60572	-5	0
2.60674	-5	0
2.60704	-5	0
2.6073	-5	0
2.60762	-5	0
2.6079	-5	0
2.60823	-5	0
2.60855	-5	0
2.60907	-5	0
2.60969	-5	0
2.60986	-5	0
2.61018	-5	0
2.61045	-5	0
2.61073	-5	0
2.61106	-5	0
2.61131	-5	0
2.61188	-5	0
2.61245	-5	0
2.61268	-5	0
2.613	-5	0
2.61315	-5	0
2.61347	-5	0
2.61383	-5	0
2.61411	-5	0
2.61444	-5	0
2.61531	-5	0
2.61543	-5	0
2.61569	-5	0
2.61601	-5	0
2.61635	-5	0
2.61653	-5	0
2.6168	-5	0
2.6174	-5	0
2.61811	-5	0
2.61838	-5	0
2.61867	-5	0
2.61899	-5	0
2.61928	-5	0
2.6196	-5	0
2.61993	-5	0
2.62093	-5	0
2.62127	-5	0
2.62141	-5	0
2.62167	-5	0
2.62193	-5	0
2.62219	-5	0
2.62245	-5	0
2.62276	-5	0
2.62361	-5	0
2.62379	-5	0
2.6241	-5	0
2.62441	-5	0
2.62473	-5	0
2.62505	-5	0
2.62536	-5	0
2.62622	-5	0
2.62638	-5	0
2.62669	-5	0
2.62701	-5	0
2.62729	-5	0
2.62762	-5	0
2.6279	-5	0
2.62819	-5	0
2.62917	-5	0
2.62937	-5	0
2.62965	-5	0
2.62996	-5	0
2.63027	-5	0
2.63056	-5	0
2.63085	-5	0
2.63105	-5	0
2.63205	-5	0
2.63231	-5	0
2.63257	-5	0
2.63282	-5	0
2.63299	-5	0
2.63326	-5	0
2.63355	-5	0
2.63441	-5	0
2.63485	-5	0
2.63515	-5	0
2.6354	-5	0
2.6357	-5	0
2.63603	-5	0
2.6363	-5	0
2.63664	-5	0
2.63743	-5	0
2.63774	-5	0
2.63805	-5	0
2.63837	-5	0
2.63865	-5	0
2.63894	-5	0
2.63923	-5	0
2.64037	-5	0
2.64042	-5	0
2.64068	-5	0
2.64097	-5	0
2.64127	-5	0
2.64155	-5	0
2.64185	-5	0
2.64261	-5	0
2.64288	-5	0
2.64333	-5	0
2.64364	-5	0
2.6438	-5	0
2.6441	-5	0
2.6444	-5	0
2.64489	-5	0
2.64561	-5	0
2.6459	-5	0
2.64615	-5	0
2.64644	-5	0
2.64669	-5	0
2.64696	-5	0
2.64731	-5	0
2.6481	-5	0
2.64843	-5	0
2.6488	-5	0
2.64908	-5	0
2.64939	-5	0
2.64975	-5	0
2.65071	-5	0
2.65104	-5	0
2.65138	-5	0
2.65169	-5	0
2.6521	-5	0
2.65248	-5	0
2.65318	-5	0
2.65361	-5	0
2.65381	-5	0
2.65401	-5	0
2.65424	-5	0
2.65446	-5	0
2.65529	-5	0
2.65572	-5	0
2.65601	-5	0
2.65621	-5	0
2.65643	-5	0
2.65664	-5	0
2.65685	-5	0
2.65707	-5	0
2.65816	-5	0
2.65849	-5	0
2.65862	-5	0
2.65875	-5	0
2.65897	-5	0
2.65915	-5	0
2.65934	-5	0
